Detector angle	Rate at 35kV
2*theta/°	R(35kV)/Imp/s

10.0	36.0
10.2	62.0
10.4	61.0
10.6	64.0
10.8	90.0
11.0	102.0
11.2	118.0
11.3	125.0
11.6	140.0
11.8	151.0
12.0	167.0
12.2	183.0
12.4	191.0
12.6	212.0
12.8	206.0
13.0	225.0
13.2	272.0
13.4	270.0
13.6	251.0
13.8	242.0
14.0	265.0
14.2	264.0
14.4	279.0
14.6	300.0
14.8	298.0
15.0	298.0
15.2	271.0
15.4	314.0
15.6	313.0
15.8	322.0
16.0	313.0
16.2	328.0
16.4	336.0
16.6	324.0
16.7	318.0
17.0	317.0
17.2	316.0
17.4	346.0
17.6	322.0
17.7	337.0
18.0	325.0
18.2	328.0
18.4	346.0
18.6	339.0
18.8	345.0
19.0	343.0
19.2	345.0
19.4	319.0
19.6	337.0
19.8	335.0
20.0	337.0
20.2	334.0
20.4	321.0
20.6	344.0
20.8	341.0
21.0	312.0
21.2	331.0
21.4	343.0
21.6	324.0
21.7	340.0
22.0	309.0
22.2	325.0
22.4	300.0
22.6	298.0
22.8	303.0
23.0	296.0
23.2	263.0
23.4	248.0
23.6	261.0
23.8	261.0
24.0	274.0
24.2	269.0
24.4	258.0
24.6	269.0
24.7	249.0
25.0	244.0
25.2	253.0
25.4	239.0
25.6	261.0
25.8	233.0
26.0	247.0
26.2	218.0
26.4	215.0
26.6	198.0
26.8	197.0
27.0	183.0
27.2	161.0
27.4	170.0
27.6	160.0
27.8	150.0
28.0	168.0
28.2	159.0
28.4	156.0
28.6	155.0
28.8	156.0
29.0	156.0
29.2	153.0
29.4	139.0
29.6	145.0
29.8	146.0
30.0	149.0
30.2	137.0
30.4	124.0
30.6	135.0
30.8	120.0
31.0	139.0
31.2	112.0
31.4	124.0
31.6	135.0
31.8	128.0
32.0	126.0
32.2	115.0
32.4	126.0
32.5	124.0
32.8	104.0
33.0	109.0
33.2	120.0
33.4	111.0
33.6	115.0
33.8	93.0
34.0	112.0
34.2	95.0
34.4	83.0
34.5	102.0
34.8	78.0
35.0	77.0
35.2	92.0
35.4	70.0
35.5	79.0
35.8	81.0
36.0	71.0
36.2	72.0
36.4	83.0
36.5	75.0
36.8	75.0
37.0	78.0
37.2	63.0
37.4	76.0
37.5	75.0
37.8	80.0
38.0	77.0
38.2	77.0
38.4	61.0
38.6	74.0
38.8	65.0
39.0	66.0
39.2	68.0
39.4	65.0
39.5	66.0
39.8	128.0
40.0	212.0
40.2	233.0
40.4	200.0
40.5	115.0
40.8	69.0
41.0	72.0
41.2	52.0
41.4	53.0
41.5	58.0
41.8	49.0
42.0	57.0
42.2	56.0
42.4	56.0
42.6	43.0
42.8	68.0
43.0	90.0
43.2	100.0
43.4	133.0
43.6	145.0
43.8	153.0
44.0	202.0
44.2	555.0
44.4	3068.0
44.5	4804.0
44.8	5643.0
45.0	4800.0
45.2	1054.0
45.4	210.0
45.5	154.0
45.8	131.0
46.0	103.0
46.2	107.0
46.4	82.0
46.5	99.0
46.8	89.0
47.0	82.0
47.2	84.0
47.4	95.0
47.6	76.0
47.8	73.0
48.0	62.0
48.2	67.0
48.4	71.0
48.6	66.0
48.8	65.0
49.0	59.0
49.2	61.0
49.4	67.0
49.5	56.0
49.8	53.0
50.0	42.0
50.2	52.0
50.4	55.0
50.5	53.0
50.8	54.0
51.0	47.0
51.2	58.0
51.4	48.0
51.6	52.0
51.8	46.0
52.0	48.0
52.2	42.0
52.4	44.0
52.6	46.0
52.8	44.0
53.0	42.0
53.2	41.0
53.4	38.0
53.6	34.0
53.8	41.0
54.0	39.0
54.2	39.0
54.4	36.0
54.6	41.0
54.8	38.0
55.0	36.0
55.2	32.0
55.4	31.0
55.6	38.0
55.8	31.0
56.0	32.0
56.2	22.0
56.4	31.0
56.6	29.0
56.8	30.0
57.0	28.0
57.2	30.0
57.4	37.0
57.6	28.0
57.8	0.0
58.0	35.0
58.2	27.0
58.4	24.0
58.6	23.0
58.8	30.0
59.0	17.0
59.2	28.0
59.4	21.0
59.6	18.0
59.8	21.0
60.0	15.0
60.2	18.0
60.4	16.0
60.6	23.0
60.8	18.0
61.0	24.0
61.2	17.0
61.4	16.0
61.6	17.0
61.8	11.0
62.0	18.0
62.2	16.0
62.4	15.0
62.6	17.0
62.8	15.0
63.0	13.0
63.2	20.0
63.4	14.0
63.6	13.0
63.8	12.0
64.0	21.0
64.1	14.0
64.4	17.0
64.6	14.0
64.8	13.0
65.0	13.0
65.2	13.0
65.4	16.0
65.6	9.0
65.8	9.0
66.0	6.0
66.2	11.0
66.4	9.0
66.6	15.0
66.8	13.0
67.0	7.0
67.2	6.0
67.4	10.0
67.6	11.0
67.8	10.0
68.0	11.0
68.2	10.0
68.4	11.0
68.6	8.0
68.8	10.0
69.0	10.0
69.1	8.0
69.4	9.0
69.6	9.0
69.8	6.0
70.0	7.0
70.2	9.0
70.4	7.0
70.6	8.0
70.8	5.0
71.0	6.0
71.2	7.0
71.4	7.0
71.6	10.0
71.8	10.0
72.0	9.0
72.2	9.0
72.4	6.0
72.6	10.0
72.8	6.0
73.0	6.0
73.2	8.0
73.4	6.0
73.6	8.0
73.8	5.0
74.0	4.0
74.1	7.0
74.4	4.0
74.6	4.0
74.8	4.0
75.0	4.0
75.2	5.0
75.4	4.0
75.6	5.0
75.8	8.0
76.0	6.0
76.2	8.0
76.4	4.0
76.6	5.0
76.8	5.0
77.0	6.0
77.2	5.0
77.4	8.0
77.6	4.0
77.8	8.0
78.0	7.0
78.2	4.0
78.4	7.0
78.6	4.0
78.8	5.0
79.0	4.0
79.1	5.0
79.4	3.0
79.6	2.0
79.8	4.0
80.0	5.0
80.2	5.0
80.4	6.0
80.6	4.0
80.8	4.0
81.0	6.0
81.1	5.0
81.4	3.0
81.6	7.0
81.8	3.0
82.0	4.0
82.2	2.0
82.4	3.0
82.6	2.0
82.8	2.0
83.0	3.0
83.2	6.0
83.4	3.0
83.6	4.0
83.8	6.0
84.0	3.0
84.1	3.0
84.4	2.0
84.6	3.0
84.8	5.0
85.0	4.0
85.2	3.0
85.4	4.0
85.6	6.0
85.8	5.0
86.0	4.0
86.1	8.0
86.4	4.0
86.6	5.0
86.8	14.0
87.0	32.0
87.2	23.0
87.4	22.0
87.6	7.0
87.8	2.0
88.0	1.0
88.2	5.0
88.4	6.0
88.6	4.0
88.8	4.0
89.0	3.0
89.1	3.0
89.4	9.0
89.6	5.0
89.8	4.0
90.0	1.0
90.2	2.0
90.4	4.0
90.6	5.0
90.8	5.0
91.0	4.0
91.1	6.0
91.4	2.0
91.6	2.0
91.8	6.0
92.0	2.0
92.2	3.0
92.4	1.0
92.6	4.0
92.8	3.0
93.0	4.0
93.2	4.0
93.4	3.0
93.6	3.0
93.8	5.0
94.0	2.0
94.1	2.0
94.4	4.0
94.6	4.0
94.8	3.0
95.0	11.0
95.2	7.0
95.4	7.0
95.6	10.0
95.8	9.0
96.0	8.0
96.1	6.0
96.4	9.0
96.6	10.0
96.8	11.0
97.0	11.0
97.2	11.0
97.4	12.0
97.6	10.0
97.8	12.0
98.0	9.0
98.2	15.0
98.4	13.0
98.6	22.0
98.8	32.0
99.0	75.0
99.1	298.0
99.4	870.0
99.6	1139.0
99.8	993.0
100.0	495.0
