Detector angle	Rate at 35kV
2*theta/°	R(35kV)/Imp/s

10.0	21.0
10.2	40.0
10.4	51.0
10.6	53.0
10.8	67.0
11.0	76.0
11.2	80.0
11.3	83.0
11.6	104.0
11.8	107.0
12.0	127.0
12.2	120.0
12.4	138.0
12.6	139.0
12.8	130.0
13.0	131.0
13.2	124.0
13.4	154.0
13.6	147.0
13.8	147.0
14.0	130.0
14.2	147.0
14.4	132.0
14.6	143.0
14.8	123.0
15.0	132.0
15.2	118.0
15.4	111.0
15.6	107.0
15.8	109.0
16.0	97.0
16.2	98.0
16.4	94.0
16.6	94.0
16.7	87.0
17.0	86.0
17.2	97.0
17.4	118.0
17.6	146.0
17.7	148.0
18.0	111.0
18.2	82.0
18.4	70.0
18.6	80.0
18.8	98.0
19.0	109.0
19.2	231.0
19.4	506.0
19.6	1609.0
19.8	2777.0
20.0	2938.0
20.2	2434.0
20.4	1054.0
20.6	616.0
20.8	546.0
21.0	532.0
21.2	546.0
21.4	560.0
21.6	533.0
21.7	500.0
22.0	470.0
22.2	449.0
22.4	429.0
22.6	413.0
22.8	394.0
23.0	385.0
23.2	367.0
23.4	359.0
23.6	335.0
23.8	371.0
24.0	325.0
24.2	326.0
24.4	340.0
24.6	316.0
24.7	308.0
25.0	310.0
25.2	329.0
25.4	297.0
25.6	308.0
25.8	309.0
26.0	275.0
26.2	274.0
26.4	255.0
26.6	211.0
26.8	244.0
27.0	191.0
27.2	197.0
27.4	201.0
27.6	201.0
27.8	180.0
28.0	174.0
28.2	168.0
28.4	172.0
28.6	167.0
28.8	156.0
29.0	158.0
29.2	152.0
29.4	165.0
29.6	154.0
29.8	151.0
30.0	140.0
30.2	139.0
30.4	136.0
30.6	146.0
30.8	139.0
31.0	117.0
31.2	118.0
31.4	127.0
31.6	129.0
31.8	105.0
32.0	117.0
32.2	111.0
32.4	111.0
32.5	112.0
32.8	110.0
33.0	97.0
33.2	115.0
33.4	87.0
33.6	91.0
33.8	110.0
34.0	93.0
34.2	93.0
34.4	80.0
34.5	77.0
34.8	67.0
35.0	82.0
35.2	81.0
35.4	76.0
35.5	77.0
35.8	74.0
36.0	89.0
36.2	87.0
36.4	78.0
36.5	72.0
36.8	68.0
37.0	83.0
37.2	68.0
37.4	53.0
37.5	65.0
37.8	56.0
38.0	58.0
38.2	58.0
38.4	52.0
38.6	63.0
38.8	61.0
39.0	61.0
39.2	61.0
39.4	70.0
39.5	85.0
39.8	89.0
40.0	105.0
40.2	146.0
40.4	262.0
40.5	406.0
40.8	583.0
41.0	647.0
41.2	437.0
41.4	292.0
41.5	165.0
41.8	110.0
42.0	102.0
42.2	115.0
42.4	100.0
42.6	104.0
42.8	81.0
43.0	86.0
43.2	79.0
43.4	87.0
43.6	78.0
43.8	64.0
44.0	72.0
44.2	63.0
44.4	67.0
44.5	58.0
44.8	68.0
45.0	63.0
45.2	69.0
45.4	59.0
45.5	59.0
45.8	51.0
46.0	67.0
46.2	53.0
46.4	60.0
46.5	75.0
46.8	56.0
47.0	43.0
47.2	49.0
47.4	54.0
47.6	56.0
47.8	51.0
48.0	53.0
48.2	44.0
48.4	44.0
48.6	40.0
48.8	56.0
49.0	48.0
49.2	55.0
49.4	47.0
49.5	46.0
49.8	46.0
50.0	46.0
50.2	50.0
50.4	49.0
50.5	44.0
50.8	43.0
51.0	45.0
51.2	45.0
51.4	39.0
51.6	46.0
51.8	49.0
52.0	39.0
52.2	39.0
52.4	45.0
52.6	34.0
52.8	35.0
53.0	37.0
53.2	37.0
53.4	44.0
53.6	40.0
53.8	44.0
54.0	32.0
54.2	37.0
54.4	30.0
54.6	42.0
54.8	34.0
55.0	25.0
55.2	27.0
55.4	36.0
55.6	31.0
55.8	25.0
56.0	31.0
56.2	23.0
56.4	17.0
56.6	25.0
56.8	30.0
57.0	27.0
57.2	27.0
57.4	26.0
57.6	26.0
57.8	26.0
58.0	26.0
58.2	21.0
58.4	22.0
58.6	20.0
58.8	29.0
59.0	24.0
59.2	22.0
59.4	21.0
59.6	26.0
59.8	20.0
60.0	22.0
60.2	21.0
60.4	27.0
60.6	19.0
60.8	12.0
61.0	17.0
61.2	20.0
61.4	17.0
61.6	19.0
61.8	23.0
62.0	21.0
62.2	23.0
62.4	0.0
62.6	26.0
62.8	26.0
63.0	35.0
63.2	63.0
63.4	81.0
63.6	70.0
63.8	73.0
64.0	42.0
64.1	31.0
64.4	19.0
64.6	26.0
64.8	22.0
65.0	18.0
65.2	21.0
65.4	18.0
65.6	19.0
65.8	22.0
66.0	19.0
66.2	21.0
66.4	18.0
66.6	17.0
66.8	16.0
67.0	19.0
67.2	16.0
67.4	15.0
67.6	17.0
67.8	13.0
68.0	16.0
68.2	14.0
68.4	18.0
68.6	12.0
68.8	9.0
69.0	15.0
69.1	12.0
69.4	12.0
69.6	11.0
69.8	13.0
70.0	11.0
70.2	17.0
70.4	17.0
70.6	8.0
70.8	15.0
71.0	8.0
71.2	13.0
71.4	9.0
71.6	10.0
71.8	8.0
72.0	7.0
72.2	9.0
72.4	11.0
72.6	13.0
72.8	8.0
73.0	13.0
73.2	9.0
73.4	14.0
73.6	9.0
73.8	10.0
74.0	8.0
74.1	6.0
74.4	8.0
74.6	9.0
74.8	4.0
75.0	8.0
75.2	7.0
75.4	9.0
75.6	7.0
75.8	11.0
76.0	9.0
76.2	5.0
76.4	5.0
76.6	7.0
76.8	8.0
77.0	7.0
77.2	9.0
77.4	12.0
77.6	5.0
77.8	6.0
78.0	6.0
78.2	7.0
78.4	4.0
78.6	6.0
78.8	6.0
79.0	11.0
79.1	7.0
79.4	4.0
79.6	5.0
79.8	3.0
80.0	5.0
80.2	6.0
80.4	8.0
80.6	4.0
80.8	7.0
81.0	5.0
81.1	4.0
81.4	3.0
81.6	6.0
81.8	6.0
82.0	5.0
82.2	4.0
82.4	5.0
82.6	4.0
82.8	4.0
83.0	4.0
83.2	2.0
83.4	5.0
83.6	4.0
83.8	4.0
84.0	6.0
84.1	1.0
84.4	1.0
84.6	4.0
84.8	4.0
85.0	5.0
85.2	6.0
85.4	2.0
85.6	2.0
85.8	5.0
86.0	3.0
86.1	3.0
86.4	4.0
86.6	4.0
86.8	2.0
87.0	3.0
87.2	4.0
87.4	5.0
87.6	5.0
87.8	2.0
88.0	4.0
88.2	3.0
88.4	4.0
88.6	4.0
88.8	12.0
89.0	9.0
89.1	16.0
89.4	12.0
89.6	11.0
89.8	8.0
90.0	10.0
90.2	7.0
90.4	4.0
90.6	6.0
90.8	6.0
91.0	5.0
91.1	3.0
91.4	5.0
91.6	5.0
91.8	4.0
92.0	4.0
92.2	2.0
92.4	2.0
92.6	4.0
92.8	6.0
93.0	2.0
93.2	6.0
93.4	1.0
93.6	4.0
93.8	4.0
94.0	3.0
94.1	2.0
94.4	2.0
94.6	1.0
94.8	3.0
95.0	3.0
95.2	3.0
95.4	4.0
95.6	5.0
95.8	5.0
96.0	5.0
96.1	3.0
96.4	4.0
96.6	4.0
96.8	3.0
97.0	3.0
97.2	2.0
97.4	4.0
97.6	3.0
97.8	3.0
98.0	4.0
98.2	2.0
98.4	3.0
98.6	2.0
98.8	2.0
99.0	3.0
99.1	2.0
99.4	1.0
99.6	0.0
99.8	2.0
100.0	2.0
