2.844		0.000467
2.763		0.000469
2.796		0.000479
2.874		0.000489
2.749		0.000496
2.84		0.000501
2.816		0.000504
2.763		0.000509
2.901		0.000515
2.749		0.000516
2.837		0.000508
2.82		0.000496
2.751		0.000482
2.88		0.000474
2.75		0.000468
2.835		0.000464
2.882		0.000459
2.751		0.000454
2.879		0.000449
2.772		0.000444
2.787		0.000437
2.884		0.000433
2.75		0.00043
2.876		0.000428
2.831		0.000427
2.76		0.000427
2.887		0.000429
2.75		0.000432
2.827		0.000437
2.835		0.000442
2.759		0.000445
2.9		0.000446
2.78		0.000445
2.825		0.00044
2.839		0.000429
2.758		0.000417
2.871		0.000407
2.782		0.000404
2.78		0.000406
2.842		0.000412
2.75		0.000418
2.868		0.000421
2.784		0.000421
2.779		0.000421
2.899		0.000424
2.75		0.000427
2.866		0.000429
2.787		0.000431
2.756		0.000433
2.898		0.000434
2.753		0.000434
2.816		0.000434
2.85		0.000432
2.776		0.000432
2.896		0.000434
2.75		0.000437
2.814		0.000439
2.854		0.000438
2.756		0.000436
2.897		0.000434
2.755		0.00043
2.812		0.000428
2.857		0.000427
2.756		0.000426
2.858		0.000425
2.797		0.000422
2.81		0.000422
2.86		0.000424
2.75		0.000435
2.856		0.000447
2.8		0.000454
2.771		0.000463
2.893		0.000475
2.75		0.000482
2.854		0.000489
2.804		0.000493
2.755		0.000494
2.892		0.000489
2.76		0.000479
2.851		0.000462
2.87		0.000454
2.754		0.000459
2.891		0.000468
2.762		0.000473
2.768		0.000474
2.903		0.000473
2.755		0.00047
2.889		0.000469
2.814		0.000469
2.768		0.000469
2.904		0.000469
2.753		0.00047
2.845		0.000469
2.819		0.000465
2.767		0.000458
2.905		0.000451
2.77		0.000443
2.796		0.000438
2.823		0.000433
2.767		0.000429
2.886		0.000424
2.773		0.000421
2.796		0.000415
2.887		0.000409
2.755		0.000408
2.885		0.000414
2.777		0.000421
2.794		0.000427
2.908		0.000434
2.756		0.000442
2.839		0.000447
2.781		0.000447
2.768		0.000444
2.909		0.000442
2.759		0.000443
2.837		0.000445
2.897		0.000447
2.76		0.000452
2.91		0.000461
2.761		0.000475
2.793		0.000495
2.9		0.000507
2.76		0.000513
2.883		0.000514
2.791		0.000506
2.793		0.000492
2.904		0.000476
2.762		0.000462
2.836		0.000451
2.856		0.000446
2.795		0.000443
2.907		0.000443
2.767		0.000446
2.836		0.000448
2.861		0.000448
2.774		0.000447
2.884		0.000443
2.77		0.000439
2.837		0.000434
2.866		0.000426
2.769		0.000417
2.885		0.000416
2.809		0.000419
2.798		0.000413
2.917		0.000402
2.772		0.0004
2.887		0.000408
2.815		0.000419
2.781		0.000428
2.922		0.000434
2.782		0.000441
2.888		0.000448
2.883		0.000456
2.784		0.000462
2.925		0.000469
2.786		0.000478
2.805		0.000489
2.93		0.000495
2.788		0.000495
2.928		0.000488
2.831		0.00048
2.807		0.000472
2.935		0.000464
2.786		0.000456
2.894		0.000448
2.838		0.000444
2.811		0.000441
2.94		0.000438
2.799		0.000435
2.849		0.000434
2.845		0.000434
2.815		0.000435
2.937		0.00044
2.805		0.000449
2.852		0.000455
2.914		0.00045
2.798		0.000439
2.941		0.000436
2.811		0.000441
2.855		0.000448
2.954		0.000459
2.804		0.000468
2.905		0.00047
2.863		0.000463
2.825		0.000448
2.959		0.000431
2.808		0.000416
2.908		0.000405
2.934		0.00039
2.816		0.00038
2.965		0.000374
2.815		0.000374
2.866		0.000381
2.941		0.00039
2.822		0.000399
2.957		0.000407
2.885		0.000414
2.871		0.00042
2.949		0.000423
2.828		0.000426
2.92		0.000428
2.894		0.00043
2.845		0.000431
2.957		0.00043
2.832		0.000425
2.926		0.000419
2.901		0.000411
2.852		0.000408
2.972		0.000411
2.857		0.000415
2.932		0.00042
2.911		0.000427
2.846		0.000431
2.979		0.000429
2.865		0.000427
2.893		0.000424
3.001		0.00042
2.852		0.000417
2.986		0.000418
2.872		0.000422
2.869		0.00043
3.008		0.000433
2.859		0.000429
2.992		0.000426
2.933		0.000424
2.877		0.000427
3.016		0.000431
2.867		0.000435
2.911		0.000439
2.943		0.00044
2.885		0.00044
3.023		0.000436
2.895		0.000431
2.918		0.000427
3.009		0.000424
2.893		0.000424
3.011		0.000427
2.904		0.000431
2.926		0.000437
3.017		0.000444
2.89		0.000453
2.976		0.000459
2.915		0.000464
2.935		0.000467
3.046		0.000465
2.899		0.000463
2.985		0.000465
2.977		0.000467
2.904		0.000465
3.055		0.000461
2.908		0.000455
2.993		0.00045
3.043		0.000447
2.915		0.000446
3.043		0.000445
2.94		0.000446
2.958		0.000448
3.053		0.000449
2.924		0.000449
3.052		0.000449
3.006		0.000448
2.941		0.000448
3.064		0.000448
2.934		0.000447
3.017		0.000448
3.017		0.000451
2.952		0.000456
3.089		0.00046
2.968		0.000461
3.027		0.00046
3.028		0.000454
2.963		0.000445
3.077		0.000434
2.98		0.000427
2.994		0.000423
3.039		0.000423
2.962		0.000429
3.087		0.000437
2.991		0.000446
3.005		0.000453
3.117		0.000461
2.973		0.00047
3.098		0.000479
3.002		0.000489
2.99		0.000498
3.13		0.000499
2.983		0.000498
3.064		0.000497
3.068		0.000499
3.002		0.000502
3.144		0.000503
2.995		0.000498
3.033		0.000485
3.135		0.000474
3.013		0.000467
3.158		0.000465
3.031		0.000468
3.045		0.000469
3.149		0.000468
3.013		0.000467
3.142		0.000464
3.043		0.000461
3.056		0.000457
3.162		0.000452
3.024		0.000444
3.104		0.000441
3.108		0.000442
3.066		0.000443
3.192		0.000443
3.036		0.000443
3.115		0.00044
3.121		0.000434
3.043		0.000426
3.178		0.00042
3.047		0.000417
3.128		0.000418
3.199		0.000426
3.054		0.000435
3.192		0.000447
3.085		0.000458
3.072		0.000462
3.214		0.000463
3.065		0.000468
3.205		0.000475
3.161		0.000479
3.084		0.000479
3.244		0.00048
3.076		0.00048
3.166		0.000475
3.177		0.000471
3.095		0.000469
3.258		0.000468
3.116		0.000465
3.181		0.000462
3.191		0.000457
3.106		0.000454
3.242		0.00045
3.132		0.00045
3.145		0.000451
3.206		0.000451
3.108		0.000446
3.257		0.000443
3.147		0.000444
3.159		0.000444
3.295		0.000444
3.121		0.000448
3.272		0.000456
3.161		0.000461
3.144		0.000459
3.31		0.000455
3.136		0.000454
3.234		0.000456
3.243		0.000462
3.159		0.000472
3.323		0.000485
3.152		0.000499
3.198		0.000508
3.317		0.00051
3.16		0.000513
3.337		0.000512
3.197		0.000506
3.213		0.000496
3.33		0.000484
3.174		0.000474
3.271		0.000465
3.28		0.000461
3.227		0.000462
3.344		0.000468
3.189		0.00047
3.286		0.000466
3.293		0.000461
3.212		0.000455
3.346		0.000446
3.204		0.000437
3.301		0.000427
3.308		0.000417
3.213		0.00041
3.361		0.000407
3.251		0.000404
3.315		0.000401
3.379		0.000397
3.228		0.000396
3.375		0.000399
3.263		0.000409
3.25		0.000427
3.409		0.000442
3.241		0.000454
3.388		0.000464
3.342		0.000472
3.265		0.000472
3.422		0.000469
3.256		0.000463
3.304		0.000451
3.358		0.000431
3.28		0.000409
3.436		0.000393
3.301		0.000384
3.319		0.000383
3.429		0.000392
3.295		0.000406
3.425		0.000419
3.315		0.000427
3.334		0.000436
3.442		0.000446
3.294		0.000456
3.439		0.000463
3.329		0.000468
3.349		0.000469
3.472		0.000466
3.308		0.000461
3.406		0.000457
3.343		0.000458
3.332		0.000456
3.486		0.000451
3.322		0.000444
3.419		0.00044
3.477		0.000441
3.348		0.000446
3.499		0.000449
3.337		0.000449
3.387		0.000447
3.491		0.000448
3.347		0.000448
3.512		0.000451
3.38		0.000462
3.401		0.000474
3.504		0.000482
3.362		0.000488
3.456		0.000492
3.395		0.000491
3.415		0.000487
3.518		0.000477
3.375		0.000465
3.47		0.000457
3.471		0.000455
3.429		0.000455
3.548		0.000458
3.389		0.000459
3.484		0.000458
3.485		0.000456
3.399		0.000456
3.561		0.00046
3.404		0.000463
3.497		0.000464
3.553		0.000463
3.414		0.000462
3.552		0.00046
3.417		0.00046
3.466		0.000458
3.567		0.000456
3.428		0.000458
3.565		0.000462
3.52		0.000462
3.481		0.000458
3.58		0.000456
3.441		0.000456
3.533		0.000455
3.535		0.000449
3.467		0.000441
3.593		0.000436
3.454		0.000439
3.548		0.000446
3.548		0.000446
3.479		0.00044
3.6		0.000427
3.467		0.00042
3.561		0.000419
3.56		0.000421
3.478		0.000428
3.614		0.000435
3.51		0.000441
3.531		0.000448
3.627		0.000459
3.493		0.000465
3.627		0.000468
3.523		0.000473
3.517		0.000478
3.657		0.00048
3.504		0.000476
3.64		0.000471
3.594		0.000468
3.532		0.000466
3.67		0.000464
3.518		0.000466
3.568		0.00047
3.608		0.000473
3.546		0.000473
3.683		0.000474
3.558		0.000476
3.583		0.000474
3.673		0.00047
3.544		0.00047
3.675		0.000471
3.572		0.000472
3.597		0.000474
3.685		0.000475
3.554		0.000481
3.648		0.000486
3.641		0.000488
3.609		0.000483
3.721		0.000473
3.568		0.000461
3.661		0.000449
3.654		0.000439
3.579		0.00043
3.738		0.000428
3.581		0.000433
3.674		0.000444
3.725		0.000457
3.593		0.00046
3.73		0.000457
3.62		0.000454
3.645		0.000449
3.741		0.000442
3.606		0.000437
3.745		0.000437
3.687		0.000442
3.63		0.000448
3.755		0.000451
3.619		0.000452
3.711		0.000453
3.703		0.000453
3.642		0.00045
3.792		0.000447
3.652		0.000442
3.726		0.000438
3.718		0.000437
3.654		0.000439
3.782		0.000441
3.666		0.000442
3.691		0.000446
3.732		0.000452
3.65		0.000469
3.797		0.000491
3.678		0.000508
3.705		0.000513
3.827		0.000509
3.663		0.000504
3.811		0.000501
3.691		0.000498
3.685		0.000498
3.843		0.000498
3.673		0.000497
3.777		0.000493
3.771		0.000484
3.701		0.000476
3.857		0.00047
3.685		0.00047
3.743		0.000472
3.847		0.000474
3.697		0.000476
3.851		0.000477
3.697		0.000474
3.806		0.000464
3.801		0.000451
3.732		0.000441
3.882		0.000435
3.716		0.000431
3.757		0.000425
3.867		0.000415
3.717		0.000408
3.822		0.000409
3.822		0.000417
3.747		0.00043
3.883		0.000441
3.735		0.000441
3.882		0.000436
3.768		0.000435
3.764		0.000439
3.912		0.000444
3.751		0.000447
3.894		0.000448
3.847		0.000448
3.778		0.000448
3.925		0.00045
3.76		0.000452
3.818		0.000458
3.862		0.000466
3.792		0.000473
3.938		0.000475
3.807		0.000471
3.832		0.000466
3.932		0.000458
3.805		0.000449
3.928		0.000438
3.821		0.000434
3.846		0.000436
3.945		0.000442
3.797		0.000449
3.898		0.000456
3.837		0.00046
3.858		0.000462
3.973		0.000461
3.812		0.000456
3.912		0.000448
3.915		0.000444
3.843		0.000448
3.987		0.000452
3.828		0.000462
3.925		0.000475
3.981		0.000492
3.839		0.000496
4		0.000488
3.841		0.000476
3.895		0.000467
3.995		0.000458
3.853		0.000449
3.99		0.000431
3.952		0.000396
3.91		0.00036
4.009		0.000324
3.868		0.000293
3.961		0.000278
3.966		0.000286
3.896		0.000308
4.022		0.000336
3.88		0.000368
3.976		0.000392
3.98		0.000408
3.91		0.000421
4.027		0.000434
3.893		0.000445
3.991		0.000454
3.992		0.000458
3.905		0.000456
4.041		0.000453
3.94		0.000455
4.004		0.000464
4.056		0.000478
3.92		0.000489
4.055		0.000498
3.954		0.000503
3.947		0.000504
4.084		0.000501
3.935		0.000496
4.068		0.000489
4.027		0.000478
3.962		0.000468
4.098		0.00046
3.945		0.000457
4.041		0.000459
4.041		0.000464
3.977		0.000474
4.11		0.000483
3.989		0.000492
4.015		0.000497
4.104		0.000499
3.99		0.000496
4.103		0.000484
4.002		0.000472
4.029		0.000465
4.116		0.00046
3.982		0.000457
4.117		0.000458
4.017		0.000468
4.043		0.000482
4.145		0.000493
3.996		0.000493
4.092		0.000487
4.03		0.000479
4.027		0.000471
4.158		0.000465
4.011		0.000461
4.105		0.000459
4.15		0.000459
4.023		0.000461
4.171		0.000465
4.023		0.000471
4.079		0.000479
4.163		0.000485
4.038		0.000488
4.165		0.000484
4.065		0.000474
4.093		0.000466
4.176		0.000466
4.05		0.000475
4.14		0.000486
4.135		0.000489
4.078		0.000487
4.188		0.000478
4.059		0.000474
4.154		0.000479
4.148		0.00048
4.092		0.000474
4.199		0.000459
4.074		0.000436
4.168		0.000409
4.161		0.000388
4.088		0.000375
4.213		0.000369
4.115		0.000368
4.143		0.000376
4.221		0.000393
4.101		0.000411
4.226		0.000427
4.128		0.000437
4.128		0.000441
4.251		0.000441
4.114		0.00044
4.238		0.000438
4.194		0.000436
4.141		0.000438
4.264		0.000443
4.122		0.000449
4.177		0.000453
4.207		0.000454
4.155		0.000456
4.278		0.000459
4.162		0.000456
4.191		0.000449
4.269		0.000445
4.167		0.000442
4.273		0.000442
4.176		0.000442
4.203		0.000443
4.284		0.000444
4.157		0.000442
4.288		0.000438
4.19		0.000436
4.216		0.000438
4.318		0.000435
4.172		0.000431
4.261		0.000429
4.203		0.000431
4.201		0.000437
4.332		0.000442
4.184		0.000447
4.274		0.00045
4.322		0.00045
4.195		0.000451
4.346		0.000455
4.194		0.000459
4.247		0.000462
4.336		0.000463
4.208		0.000463
4.339		0.000466
4.292		0.000471
4.26		0.000473
4.352		0.000475
4.22		0.00048
4.312		0.000484
4.308		0.000482
4.247		0.000475
4.367		0.000464
4.229		0.00045
4.327		0.00044
4.323		0.000436
4.258		0.000437
4.377		0.000439
4.242		0.000439
4.341		0.000437
4.338		0.000439
4.253		0.000447
4.391		0.000451
4.287		0.000455
4.314		0.000461
4.404		0.000468
4.267		0.000467
4.405		0.000461
4.301		0.000452
4.296		0.000441
4.434		0.000434
4.277		0.000429
4.417		0.000429
4.377		0.000432
4.311		0.000434
4.447		0.000435
4.292		0.000436
4.35		0.000438
4.392		0.00044
4.326		0.000443
4.461		0.000448
4.34		0.000453
4.365		0.000458
4.455		0.000461
4.319		0.000461
4.452		0.000458
4.355		0.000457
4.378		0.000461
4.469		0.00047
4.33		0.000484
4.426		0.000491
4.431		0.00049
4.392		0.000484
4.495		0.000479
4.346		0.000477
4.439		0.000472
4.444		0.000467
4.355		0.000465
4.507		0.000468
4.36		0.000471
4.45		0.000474
4.504		0.000474
4.37		0.000471
4.498		0.000469
4.409		0.00047
4.425		0.000474
4.518		0.000476
4.384		0.000478
4.51		0.00048
4.483		0.000482
4.411		0.000481
4.532		0.000479
4.397		0.000476
4.484		0.000473
4.498		0.000469
4.424		0.000465
4.554		0.000461
4.446		0.000458
4.497		0.000459
4.51		0.000461
4.437		0.000465
4.543		0.00047
4.462		0.000475
4.474		0.000478
4.524		0.000478
4.431		0.000475
4.556		0.000467
4.475		0.000457
4.486		0.00045
4.587		0.000449
4.445		0.000453
4.568		0.00046
4.49		0.000465
4.472		0.000473
4.599		0.000481
4.461		0.000487
4.581		0.000488
4.558		0.000482
4.484		0.000474
4.611		0.000467
4.473		0.000462
4.52		0.000459
4.612		0.000458
4.497		0.000458
4.624		0.000459
4.524		0.00046
4.533		0.00046
4.624		0.000457
4.492		0.000455
4.575		0.000454
4.536		0.000453
4.546		0.000454
4.637		0.000455
4.508		0.000457
4.589		0.000461
4.605		0.000468
4.559		0.000477
4.656		0.000486
4.522		0.000488
4.602		0.000482
4.619		0.000475
4.529		0.000466
4.646		0.000458
4.537		0.000449
4.614		0.00044
4.67		0.000439
4.542		0.000449
4.659		0.000461
4.585		0.000471
4.567		0.000478
4.682		0.000481
4.555		0.000478
4.671		0.000475
4.652		0.000473
4.581		0.00047
4.701		0.000464
4.569		0.000456
4.647		0.000448
4.666		0.000442
4.594		0.000437
4.714		0.000435
4.621		0.000434
4.628		0.000433
4.68		0.000431
4.606		0.00043
4.703		0.000433
4.636		0.000436
4.641		0.000438
4.729		0.00044
4.603		0.000441
4.716		0.000442
4.648		0.000444
4.652		0.000447
4.746		0.000446
4.619		0.000443
4.727		0.00044
4.662		0.000435
4.64		0.00043
4.758		0.000424
4.634		0.00042
4.705		0.000416
4.76		0.00041
4.652		0.000409
4.769		0.000411
4.644		0.000414
4.684		0.00042
4.772		0.000424
4.649		0.000429
4.78		0.000435
4.693		0.00044
4.697		0.000444
4.784		0.000449
4.662		0.000454
4.736		0.000459
4.707		0.000463
4.71		0.000468
4.796		0.000474
4.678		0.000477
4.75		0.000478
4.77		0.000476
4.698		0.000472
4.811		0.000468
4.69		0.000467
4.761		0.000466
4.782		0.000465
4.695		0.000466
4.802		0.000466
4.74		0.000462
4.773		0.000456
4.827		0.000448
4.707		0.000441
4.814		0.000437
4.751		0.000438
4.731		0.000447
4.845		0.000454
4.72		0.000458
4.827		0.000465
4.812		0.000471
4.744		0.000468
4.859		0.000457
4.738		0.000446
4.806		0.000438
4.826		0.00044
4.757		0.000446
4.873		0.000455
4.784		0.000465
4.789		0.000469
4.84		0.00047
4.769		0.00047
4.863		0.000471
4.796		0.000474
4.799		0.000477
4.888		0.000476
4.767		0.000474
4.874		0.000472
4.807		0.000472
4.811		0.000474
4.906		0.000472
4.781		0.000468
4.852		0.000461
4.819		0.000455
4.8		0.000452
4.92		0.000451
4.794		0.00045
4.865		0.000451
4.924		0.000454
4.812		0.000457
4.934		0.000461
4.806		0.000463
4.844		0.000464
4.936		0.000466
4.809		0.000467
4.946		0.000467
4.854		0.000463
4.859		0.000455
4.95		0.000448
4.82		0.000445
4.9		0.000446
4.922		0.000447
4.873		0.000446
4.963		0.000445
4.838		0.000441
4.914		0.000439
4.935		0.000438
4.858		0.000441
4.956		0.000448
4.889		0.000457
4.926		0.000467
4.946		0.000474
4.853		0.000477
4.968		0.000479
4.903		0.000477
4.906		0.000475
4.999		0.000475
4.866		0.000475
4.981		0.000472
4.916		0.000468
4.893		0.000464
5.013		0.000462
4.887		0.00046
4.96		0.000457
4.982		0.000456
4.907		0.000461
5.025		0.000465
4.898		0.000467
4.94		0.000466
5.029		0.000465
4.92		0.000465
5.037		0.000469
4.952		0.000474
4.953		0.000474
5.042		0.000471
4.916		0.000469
4.994		0.000471
4.964		0.000476
4.967		0.00048
5.055		0.000481
4.935		0.000478
5.007		0.000476
5.029		0.000474
4.955		0.000474
5.07		0.000472
4.948		0.000472
5.02		0.000472
5.041		0.000473
4.967		0.000473
5.082		0.000474
4.957		0.000475
5.066		0.000476
5.052		0.000475
4.982		0.000473
5.094		0.000472
4.973		0.000471
5.016		0.000469
5.063		0.000469
4.995		0.000468
5.106		0.000468
5.021		0.000466
5.028		0.00047
5.108		0.000482
5.005		0.000491
5.096		0.000487
5.031		0.000472
5.039		0.000454
5.119		0.000443
5.004		0.000446
5.108		0.000457
5.046		0.00047
5.052		0.000481
5.136		0.000488
5.019		0.000488
5.09		0.000486
5.106		0.000482
5.04		0.000476
5.149		0.000471
5.032		0.000469
5.102		0.000469
5.152		0.00047
5.036		0.00047
5.161		0.000469
5.045		0.000468
5.086		0.000468
5.164		0.000474
5.05		0.000483
5.154		0.000492
5.141		0.000496
5.098		0.000495
5.177		0.00049
5.062		0.000489
5.134		0.000488
5.153		0.000484
5.087		0.00048
5.19		0.000476
5.08		0.000474
5.148		0.000469
5.168		0.000463
5.1		0.000459
5.185		0.00045
5.094		0.000439
5.16		0.000428
5.18		0.000421
5.096		0.000414
5.198		0.000413
5.144		0.000415
5.144		0.000421
5.222		0.000431
5.108		0.000442
5.209		0.000449
5.155		0.000453
5.132		0.000456
5.237		0.000458
5.123		0.000461
5.221		0.000466
5.216		0.000469
5.145		0.000471
5.25		0.000471
5.143		0.000471
5.203		0.00047
5.228		0.000468
5.158		0.000465
5.261		0.000467
5.194		0.000471
5.189		0.000475
5.269		0.000475
5.171		0.000473
5.252		0.000472
5.207		0.000471
5.2		0.000469
5.281		0.000468
5.178		0.000467
5.234		0.000465
5.221		0.000463
5.212		0.000459
5.292		0.000454
5.192		0.00045
5.246		0.000448
5.277		0.000449
5.19		0.000451
5.304		0.000452
5.206		0.000454
5.258		0.000457
5.314		0.00046
5.202		0.000459
5.293		0.000456
5.218		0.000452
5.243		0.000449
5.326		0.000448
5.215		0.000448
5.305		0.000452
5.311		0.000458
5.233		0.000463
5.338		0.000467
5.228		0.000471
5.287		0.000475
5.324		0.000476
5.246		0.000475
5.346		0.000471
5.293		0.000468
5.299		0.000467
5.339		0.000469
5.257		0.000473
5.333		0.000475
5.307		0.000472
5.286		0.000466
5.351		0.00046
5.26		0.000456
5.345		0.000454
5.322		0.000455
5.297		0.000457
5.376		0.00046
5.273		0.000462
5.357		0.000467
5.335		0.000473
5.29		0.000472
5.388		0.000458
5.304		0.000438
5.341		0.000423
5.384		0.000417
5.302		0.00042
5.399		0.000426
5.317		0.000433
5.329		0.000445
5.416		0.000462
5.314		0.00048
5.412		0.000493
5.37		0.000505
5.341		0.000509
5.432		0.000502
5.32		0.000489
5.372		0.000475
5.384		0.000467
5.353		0.000463
5.444		0.000463
5.353		0.000468
5.383		0.000474
5.436		0.000477
5.364		0.000477
5.446		0.000479
5.365		0.00048
5.395		0.00048
5.452		0.000478
5.353		0.000471
5.459		0.000466
5.378		0.000462
5.406		0.000461
5.478		0.000463
5.364		0.000467
5.443		0.00047
5.391		0.000468
5.393		0.000458
5.491		0.000454
5.377		0.000458
5.456		0.000472
5.486		0.000498
5.387		0.000522
5.504		0.000536
5.388		0.000542
5.438		0.000541
5.5		0.000532
5.399		0.000516
5.503		0.0005
5.472		0.000483
5.45		0.000476
5.512		0.000479
5.409		0.000485
5.487		0.000498
5.484		0.000512
5.438		0.000521
5.537		0.000524
5.422		0.000526
5.499		0.000522
5.499		0.000515
5.45		0.000508
5.535		0.000503
5.463		0.000502
5.512		0.000498
5.513		0.000496
5.443		0.000495
5.547		0.000494
5.477		0.000491
5.496		0.00049
5.569		0.00049
5.457		0.000488
5.559		0.000482
5.491		0.000476
5.482		0.000471
5.581		0.000469
5.47		0.000468
5.571		0.000466
5.546		0.000461
5.495		0.000457
5.593		0.000453
5.482		0.00045
5.527		0.00045
5.593		0.000454
5.507		0.00046
5.605		0.000465
5.525		0.000471
5.539		0.000477
5.605		0.000482
5.501		0.000485
5.6		0.000487
5.538		0.000487
5.552		0.000484
5.618		0.00048
5.517		0.000472
5.587		0.000466
5.596		0.00046
5.564		0.000454
5.637		0.000452
5.531		0.000454
5.6		0.000458
5.608		0.000461
5.537		0.000468
5.649		0.000475
5.543		0.00048
5.611		0.000484
5.65		0.000484
5.548		0.000481
5.645		0.000477
5.555		0.000475
5.596		0.000475
5.662		0.000476
5.56		0.000479
5.657		0.000483
5.641		0.000489
5.609		0.00049
5.676		0.00049
5.574		0.00049
5.642		0.000491
5.654		0.000489
5.598		0.000487
5.693		0.000484
5.591		0.000483
5.655		0.000483
5.667		0.000482
5.612		0.000482
5.689		0.000483
5.634		0.000486
5.642		0.000489
5.68		0.000488
5.608		0.000486
5.702		0.000484
5.649		0.000483
5.656		0.000482
5.727		0.000482
5.622		0.000481
5.715		0.000478
5.661		0.000475
5.644		0.000474
5.738		0.000474
5.638		0.00047
5.7		0.000463
5.713		0.000454
5.656		0.00045
5.749		0.000447
5.65		0.000444
5.686		0.000446
5.753		0.00045
5.652		0.000453
5.759		0.000455
5.692		0.000458
5.698		0.00046
5.765		0.000462
5.665		0.000464
5.73		0.000468
5.706		0.000471
5.711		0.000472
5.777		0.000469
5.682		0.000465
5.742		0.000463
5.758		0.00046
5.722		0.000457
5.791		0.000455
5.695		0.000456
5.754		0.000457
5.771		0.000457
5.698		0.000457
5.803		0.000461
5.708		0.000463
5.767		0.000464
5.809		0.000464
5.711		0.000463
5.8		0.000464
5.753		0.000468
5.756		0.000471
5.821		0.000475
5.725		0.000479
5.813		0.000484
5.804		0.000491
5.747		0.000498
5.834		0.000503
5.738		0.000504
5.8		0.0005
5.816		0.000495
5.76		0.000488
5.848		0.000483
5.786		0.000481
5.813		0.000481
5.829		0.000481
5.773		0.000477
5.845		0.000472
5.798		0.000471
5.802		0.000471
5.841		0.000472
5.77		0.000472
5.857		0.000474
5.812		0.000476
5.815		0.000476
5.881		0.000475
5.789		0.000475
5.868		0.000475
5.824		0.000475
5.805		0.000476
5.892		0.000478
5.802		0.000481
5.856		0.000482
5.897		0.000482
5.817		0.00048
5.903		0.000476
5.815		0.000471
5.845		0.000468
5.909		0.000468
5.816		0.000467
5.915		0.000465
5.856		0.000465
5.856		0.000462
5.921		0.000459
5.828		0.000457
5.886		0.000458
5.869		0.00046
5.868		0.000461
5.933		0.00046
5.848		0.000461
5.899		0.000472
5.918		0.000496
5.881		0.000521
5.945		0.00053
5.86		0.000517
5.911		0.000496
5.932		0.000484
5.861		0.000482
5.941		0.000482
5.874		0.000484
5.923		0.000489
5.965		0.000491
5.872		0.000482
5.952		0.000468
5.916		0.000455
5.892		0.000444
5.977		0.000438
5.886		0.000434
5.965		0.000441
5.965		0.000459
5.903		0.000468
5.99		0.00047
5.897		0.000468
5.952		0.000464
5.976		0.000461
5.916		0.000456
6.003		0.000446
5.95		0.00043
5.964		0.000422
5.99		0.000419
5.927		0.000418
5.995		0.000416
5.962		0.000414
5.953		0.000414
6.024		0.000414
5.928		0.00042
6.008		0.000426
5.975		0.000436
5.965		0.000448
6.036		0.000461
5.952		0.000468
6.021		0.000471
5.989		0.00047
5.957		0.000467
6.048		0.000466
5.964		0.000465
6.008		0.000461
6.058		0.000456
5.968		0.000455
6.06		0.000454
5.976		0.000454
5.997		0.000454
6.072		0.000453
5.972		0.000451
6.073		0.000446
6.026		0.000439
6.01		0.000435
6.085		0.000437
5.985		0.000441
6.041		0.000447
6.04		0.000454
6.023		0.00046
6.098		0.000465
6.013		0.000469
6.054		0.000473
6.089		0.000477
6.035		0.000477
6.105		0.000473
6.026		0.000466
6.066		0.000461
6.101		0.000461
6.018		0.000463
6.116		0.000468
6.039		0.000475
6.077		0.000479
6.129		0.000481
6.03		0.000481
6.109		0.000482
6.088		0.000482
6.066		0.000483
6.142		0.000485
6.045		0.000487
6.121		0.000487
6.134		0.000488
6.06		0.000488
6.154		0.000489
6.058		0.000493
6.109		0.000494
6.147		0.000491
6.073		0.000486
6.161		0.000477
6.123		0.000464
6.122		0.000456
6.16		0.000453
6.084		0.000453
6.152		0.000458
6.136		0.000466
6.112		0.000472
6.186		0.000473
6.09		0.000469
6.183		0.000464
6.112		0.000461
6.145		0.000459
6.197		0.000458
6.103		0.00046
6.195		0.000467
6.126		0.000473
6.136		0.000477
6.21		0.000481
6.116		0.000485
6.189		0.000489
6.173		0.000487
6.149		0.000481
6.223		0.000473
6.129		0.000468
6.179		0.000463
6.218		0.000459
6.162		0.000455
6.236		0.000453
6.161		0.000451
6.191		0.00045
6.231		0.00045
6.156		0.000451
6.221		0.00045
6.173		0.000447
6.203		0.000446
6.242		0.000446
6.163		0.000446
6.232		0.000445
6.22		0.000446
6.215		0.00045
6.267		0.000457
6.176		0.000466
6.245		0.000475
6.233		0.000479
6.188		0.000476
6.278		0.000473
6.188		0.000471
6.257		0.000468
6.275		0.000465
6.201		0.000462
6.283		0.00046
6.22		0.000456
6.247		0.000454
6.287		0.000453
6.214		0.000454
6.296		0.000459
6.266		0.000465
6.239		0.000468
6.3		0.00047
6.227		0.000472
6.289		0.000473
6.278		0.000472
6.251		0.000469
6.322		0.000468
6.252		0.000465
6.3		0.00046
6.29		0.000455
6.263		0.000454
6.327		0.000454
6.266		0.000456
6.292		0.000457
6.332		0.00046
6.259		0.000464
6.339		0.000469
6.278		0.000472
6.304		0.000471
6.352		0.000464
6.265		0.000458
6.35		0.000454
6.287		0.000453
6.293		0.000455
6.363		0.000459
6.276		0.000463
6.342		0.000468
6.358		0.000474
6.304		0.000474
6.374		0.00047
6.288		0.000466
6.333		0.000465
6.371		0.000467
6.3		0.000468
6.38		0.000469
6.319		0.000471
6.346		0.000472
6.384		0.000475
6.313		0.000478
6.375		0.00048
6.363		0.00048
6.358		0.000479
6.396		0.000478
6.322		0.000473
6.388		0.000466
6.376		0.00046
6.352		0.00046
6.413		0.000463
6.335		0.000467
6.401		0.000468
6.389		0.000468
6.348		0.000463
6.426		0.000457
6.366		0.00045
6.414		0.000444
6.428		0.000437
6.361		0.000433
6.439		0.000433
6.378		0.000438
6.387		0.000443
6.453		0.000446
6.375		0.000448
6.452		0.00045
6.42		0.000452
6.4		0.000451
6.464		0.00045
6.381		0.000451
6.427		0.000452
6.432		0.000451
6.413		0.000449
6.477		0.000449
6.409		0.000451
6.44		0.000454
6.472		0.000456
6.426		0.000459
6.484		0.00046
6.422		0.000459
6.454		0.000458
6.484		0.000457
6.415		0.000457
6.497		0.000457
6.433		0.000459
6.466		0.000461
6.508		0.000463
6.427		0.000466
6.493		0.000469
6.475		0.000471
6.46		0.000471
6.521		0.000469
6.441		0.000468
6.507		0.000466
6.515		0.000463
6.455		0.000461
6.529		0.000461
6.452		0.000464
6.499		0.000469
6.526		0.000472
6.468		0.000473
6.541		0.000473
6.505		0.000472
6.51		0.000469
6.536		0.000468
6.478		0.000469
6.536		0.000472
6.515		0.000475
6.503		0.000477
6.564		0.000479
6.483		0.00048
6.549		0.00048
6.527		0.00048
6.514		0.00048
6.573		0.000476
6.505		0.000472
6.561		0.000466
6.537		0.000458
6.508		0.00045
6.585		0.000445
6.516		0.000444
6.554		0.000446
6.596		0.000449
6.521		0.000453
6.599		0.000458
6.528		0.000466
6.546		0.000473
6.608		0.000475
6.526		0.000475
6.612		0.000473
6.569		0.00047
6.56		0.000468
6.622		0.000465
6.539		0.000464
6.591		0.000463
6.615		0.000462
6.574		0.000463
6.636		0.000464
6.561		0.000464
6.603		0.000461
6.626		0.000457
6.569		0.000456
6.633		0.000455
6.574		0.000455
6.617		0.000455
6.637		0.000455
6.571		0.000455
6.645		0.000455
6.615		0.000454
6.631		0.000456
6.668		0.00046
6.584		0.000461
6.659		0.000463
6.626		0.000466
6.604		0.000467
6.68		0.000465
6.598		0.000463
6.672		0.000461
6.669		0.000461
6.617		0.00046
6.694		0.000459
6.618		0.000456
6.665		0.000453
6.68		0.00045
6.63		0.000449
6.706		0.000448
6.658		0.000448
6.66		0.000449
6.694		0.000452
6.643		0.000456
6.706		0.00046
6.668		0.00046
6.672		0.000457
6.724		0.000455
6.645		0.000456
6.719		0.000458
6.681		0.00046
6.686		0.00046
6.738		0.00046
6.663		0.000459
6.714		0.000456
6.691		0.000454
6.677		0.000451
6.749		0.000448
6.673		0.000447
6.725		0.000447
6.752		0.000444
6.677		0.00044
6.762		0.000438
6.685		0.000439
6.718		0.000442
6.765		0.000444
6.69		0.000447
6.765		0.000449
6.751		0.000449
6.732		0.000448
6.778		0.000443
6.704		0.000438
6.761		0.000427
6.763		0.000419
6.726		0.000413
6.79		0.000413
6.718		0.000414
6.774		0.000419
6.775		0.000427
6.74		0.000438
6.8		0.00045
6.73		0.000457
6.787		0.000462
6.785		0.000462
6.739		0.000457
6.813		0.00045
6.763		0.000446
6.801		0.000444
6.82		0.000444
6.752		0.000447
6.825		0.000451
6.773		0.000457
6.775		0.000461
6.84		0.000462
6.764		0.000462
6.837		0.000461
6.813		0.000459
6.788		0.000457
6.852		0.000459
6.774		0.000463
6.816		0.000466
6.824		0.000465
6.801		0.000463
6.864		0.000461
6.8		0.000456
6.827		0.000451
6.859		0.00045
6.813		0.000452
6.87		0.000455
6.814		0.000456
6.841		0.000458
6.871		0.000462
6.806		0.000466
6.869		0.000466
6.825		0.000464
6.855		0.000461
6.896		0.000456
6.82		0.000451
6.883		0.000448
6.865		0.000446
6.834		0.00044
6.908		0.000434
6.832		0.00043
6.896		0.000428
6.901		0.000427
6.846		0.000427
6.918		0.000429
6.843		0.000432
6.89		0.000437
6.911		0.000441
6.858		0.000445
6.929		0.000448
6.891		0.00045
6.884		0.000451
6.923		0.000451
6.872		0.000449
6.929		0.000443
6.904		0.000438
6.898		0.000434
6.951		0.000432
6.886		0.00043
6.943		0.000428
6.916		0.000426
6.911		0.000423
6.962		0.00042
6.898		0.000417
6.938		0.000414
6.926		0.00041
6.907		0.0004
6.975		0.000394
6.911		0.000396
6.952		0.0004
6.982		0.000402
6.92		0.000404
6.988		0.00041
6.922		0.00042
6.945		0.000432
6.993		0.000436
6.923		0.000435
6.99		0.000426
6.957		0.000407
6.959		0.000391
7.006		0.000375
6.936		0.000361
6.986		0.000348
6.995		0.000344
6.971		0.000345
7.017		0.000348
6.953		0.000359
6.997		0.000375
7.006		0.000392
6.966		0.00041
7.022		0.000426
6.964		0.000436
7.01		0.000442
7.016		0.000444
6.966		0.000437
7.033		0.000432
6.997		0.00043
7.022		0.000429
7.045		0.000426
6.978		0.000424
7.045		0.000426
7.006		0.000428
6.999		0.000434
7.062		0.000437
6.992		0.000441
7.059		0.000444
7.046		0.000446
7.012		0.000446
7.074		0.000446
7.006		0.000445
7.038		0.000441
7.056		0.000438
7.025		0.000437
7.087		0.000437
7.037		0.000437
7.051		0.000437
7.088		0.000439
7.038		0.000442
7.091		0.000443
7.047		0.000442
7.063		0.000438
7.097		0.000434
7.035		0.000431
7.102		0.00043
7.057		0.000431
7.075		0.000433
7.116		0.000432
7.047		0.000429
7.1		0.000426
7.095		0.000424
7.07		0.000426
7.128		0.000429
7.06		0.000433
7.113		0.000436
7.128		0.00044
7.069		0.00044
7.142		0.00044
7.071		0.000439
7.108		0.000436
7.14		0.000436
7.081		0.00044
7.15		0.000444
7.125		0.00045
7.104		0.000455
7.153		0.000461
7.094		0.000467
7.148		0.00047
7.136		0.000472
7.116		0.000474
7.175		0.000473
7.114		0.00047
7.161		0.000466
7.147		0.000463
7.13		0.000461
7.184		0.000453
7.127		0.000449
7.156		0.000457
7.183		0.000469
7.125		0.000472
7.196		0.000463
7.137		0.000457
7.168		0.000461
7.205		0.000469
7.13		0.000477
7.207		0.00048
7.148		0.000469
7.16		0.000456
7.216		0.000454
7.142		0.000463
7.206		0.000483
7.212		0.000508
7.175		0.000518
7.23		0.000517
7.157		0.000509
7.203		0.000493
7.225		0.000478
7.172		0.000467
7.242		0.000457
7.18		0.000446
7.216		0.000439
7.236		0.000434
7.185		0.000431
7.242		0.000429
7.216		0.000429
7.228		0.000429
7.246		0.000434
7.188		0.000449
7.253		0.000472
7.226		0.000502
7.222		0.000528
7.271		0.000543
7.198		0.000543
7.264		0.000539
7.236		0.000535
7.216		0.000531
7.284		0.000523
7.22		0.000508
7.277		0.000485
7.274		0.000463
7.23		0.000461
7.296		0.00047
7.232		0.000479
7.256		0.000483
7.303		0.000481
7.243		0.000475
7.309		0.000468
7.267		0.000459
7.27		0.000453
7.316		0.000448
7.248		0.000445
7.299		0.00044
7.28		0.000436
7.285		0.000432
7.328		0.000428
7.266		0.000426
7.311		0.000425
7.291		0.000426
7.316		0.000427
7.339		0.000429
7.274		0.00043
7.34		0.00043
7.303		0.000429
7.292		0.000429
7.349		0.00043
7.284		0.000431
7.35		0.00043
7.339		0.000426
7.305		0.00042
7.367		0.000415
7.298		0.000413
7.349		0.000414
7.35		0.00042
7.319		0.000426
7.38		0.000432
7.331		0.000436
7.346		0.000439
7.361		0.000441
7.333		0.000441
7.387		0.000441
7.344		0.000441
7.361		0.000441
7.394		0.000441
7.333		0.000437
7.399		0.000433
7.354		0.000429
7.373		0.000427
7.413		0.000426
7.345		0.000425
7.399		0.000425
7.393		0.000426
7.369		0.000431
7.426		0.000436
7.359		0.000441
7.414		0.000442
7.425		0.000443
7.369		0.000446
7.438		0.000448
7.37		0.000449
7.408		0.000449
7.435		0.000448
7.381		0.000446
7.447		0.000441
7.422		0.000434
7.422		0.000427
7.448		0.000422
7.394		0.000417
7.447		0.000415
7.432		0.000415
7.418		0.000419
7.46		0.000423
7.404		0.000429
7.46		0.000434
7.445		0.000439
7.431		0.000441
7.48		0.000441
7.428		0.00044
7.473		0.000439
7.455		0.000439
7.428		0.000441
7.492		0.000444
7.44		0.000446
7.47		0.000447
7.503		0.000448
7.441		0.000449
7.504		0.000448
7.45		0.000446
7.464		0.000446
7.512		0.000448
7.447		0.000451
7.516		0.000454
7.484		0.000457
7.476		0.000459
7.524		0.00046
7.457		0.000457
7.501		0.000449
7.517		0.000441
7.488		0.000435
7.534		0.000434
7.479		0.000437
7.512		0.00044
7.528		0.00044
7.485		0.000438
7.546		0.000435
7.491		0.000434
7.527		0.000435
7.541		0.000437
7.491		0.000441
7.55		0.000446
7.525		0.000449
7.54		0.000451
7.567		0.00045
7.504		0.000449
7.564		0.000447
7.538		0.000444
7.521		0.000441
7.581		0.000441
7.518		0.000446
7.576		0.000444
7.573		0.000427
7.534		0.000406
7.594		0.000386
7.537		0.000373
7.576		0.00036
7.586		0.000344
7.548		0.000323
7.607		0.000303
7.569		0.00029
7.571		0.000281
7.596		0.000279
7.559		0.000289
7.61		0.000312
7.581		0.000332
7.584		0.000344
7.623		0.000353
7.569		0.000365
7.622		0.000377
7.591		0.000391
7.596		0.000403
7.638		0.000413
7.581		0.00042
7.621		0.000422
7.605		0.000421
7.593		0.00042
7.649		0.000422
7.592		0.000427
7.633		0.000433
7.656		0.000439
7.596		0.000441
7.663		0.000442
7.605		0.000444
7.631		0.000443
7.667		0.000441
7.609		0.000439
7.668		0.000437
7.659		0.000438
7.643		0.000441
7.679		0.000439
7.621		0.000434
7.667		0.000436
7.669		0.000442
7.639		0.000451
7.689		0.00046
7.636		0.000468
7.678		0.000465
7.682		0.000462
7.651		0.00047
7.7		0.000495
7.649		0.000515
7.691		0.000528
7.694		0.000537
7.653		0.000549
7.713		0.000554
7.679		0.000551
7.688		0.000547
7.725		0.000543
7.666		0.000537
7.727		0.000526
7.691		0.000507
7.683		0.00049
7.741		0.000483
7.68		0.000477
7.739		0.000475
7.729		0.000488
7.697		0.000508
7.755		0.000523
7.694		0.000532
7.723		0.00053
7.741		0.000522
7.71		0.000513
7.767		0.000503
7.725		0.000489
7.735		0.000475
7.772		0.000461
7.723		0.000447
7.774		0.000434
7.739		0.000429
7.747		0.000433
7.782		0.000441
7.726		0.00045
7.77		0.000455
7.75		0.000453
7.758		0.000443
7.799		0.000426
7.74		0.000414
7.784		0.000408
7.787		0.000409
7.754		0.000421
7.811		0.000434
7.751		0.000444
7.794		0.000454
7.815		0.000455
7.754		0.000448
7.815		0.000439
7.763		0.000427
7.79		0.000408
7.827		0.000402
7.768		0.000406
7.829		0.000416
7.818		0.000434
7.802		0.000448
7.838		0.000462
7.78		0.000478
7.827		0.0005
7.83		0.000516
7.798		0.000521
7.851		0.000509
7.797		0.000486
7.839		0.000465
7.844		0.000447
7.812		0.000437
7.861		0.000431
7.828		0.000434
7.836		0.000441
7.857		0.000448
7.815		0.000458
7.874		0.000465
7.841		0.000463
7.848		0.000452
7.888		0.000439
7.831		0.000434
7.886		0.000438
7.854		0.000446
7.844		0.00046
7.899		0.000471
7.842		0.000478
7.883		0.000482
7.902		0.000482
7.853		0.000479
7.909		0.000475
7.852		0.000475
7.878		0.000473
7.914		0.00047
7.857		0.000464
7.922		0.000454
7.885		0.000441
7.892		0.000428
7.928		0.000416
7.87		0.000404
7.917		0.000397
7.922		0.000395
7.906		0.000395
7.941		0.000395
7.89		0.0004
7.931		0.000409
7.936		0.000418
7.904		0.000424
7.952		0.000431
7.902		0.000436
7.943		0.000437
7.947		0.000435
7.906		0.00043
7.963		0.000426
7.932		0.000424
7.954		0.000427
7.974		0.000432
7.919		0.000434
7.977		0.00043
7.946		0.000427
7.937		0.000422
7.987		0.000415
7.931		0.000405
7.99		0.000395
7.981		0.000385
7.95		0.000379
8.005		0.000375
7.946		0.000375
7.99		0.000376
7.993		0.000378
7.962		0.000383
8.017		0.000392
7.979		0.000406
7.986		0.000415
8.005		0.000421
7.974		0.000428
8.021		0.000438
7.99		0.000441
7.998		0.000441
8.032		0.000438
7.981		0.000436
8.033		0.000437
8.002		0.000437
8.009		0.000436
8.046		0.000434
7.993		0.000433
8.033		0.00043
8.036		0.000427
8.006		0.000423
8.058		0.000415
8.005		0.000402
8.045		0.00039
8.062		0.00038
8.008		0.000378
8.07		0.000382
8.016		0.000392
8.042		0.000407
8.074		0.00042
8.022		0.000429
8.077		0.000435
8.067		0.000438
8.054		0.000437
8.086		0.000435
8.033		0.000435
8.076		0.000434
8.077		0.000431
8.05		0.000428
8.097		0.000428
8.047		0.000427
8.088		0.000423
8.088		0.000415
8.061		0.000408
8.106		0.000402
8.073		0.000399
8.098		0.000394
8.097		0.000392
8.06		0.000393
8.115		0.000397
8.083		0.000403
8.093		0.00041
8.128		0.000417
8.071		0.000419
8.127		0.000418
8.094		0.000416
8.09		0.000416
8.141		0.000417
8.087		0.000419
8.14		0.000422
8.127		0.000427
8.103		0.000428
8.153		0.000427
8.1		0.000426
8.128		0.000427
8.158		0.000427
8.117		0.000427
8.166		0.000431
8.127		0.000439
8.14		0.000445
8.169		0.000448
8.119		0.000447
8.164		0.000442
8.141		0.000435
8.154		0.000427
8.182		0.00042
8.133		0.000416
8.176		0.000417
8.173		0.00042
8.167		0.000423
8.2		0.000427
8.147		0.000427
8.189		0.000427
8.186		0.000423
8.154		0.000415
8.209		0.000411
8.158		0.00041
8.202		0.000412
8.212		0.000414
8.164		0.000415
8.217		0.000415
8.182		0.000415
8.183		0.000415
8.23		0.000417
8.178		0.00042
8.232		0.000421
8.217		0.000422
8.197		0.000423
8.244		0.000423
8.19		0.000424
8.22		0.000425
8.227		0.000424
8.209		0.000422
8.254		0.000418
8.215		0.000413
8.232		0.000408
8.257		0.000403
8.221		0.0004
8.264		0.000403
8.226		0.000407
8.244		0.000414
8.266		0.000419
8.22		0.000422
8.264		0.000423
8.237		0.000422
8.255		0.000419
8.289		0.000411
8.234		0.000401
8.28		0.000389
8.27		0.000382
8.241		0.000383
8.3		0.000388
8.246		0.000395
8.294		0.0004
8.302		0.000404
8.255		0.000407
8.313		0.000411
8.258		0.000414
8.292		0.000416
8.314		0.000415
8.267		0.000413
8.326		0.000409
8.306		0.000404
8.29		0.000402
8.328		0.000401
8.282		0.000402
8.33		0.000404
8.319		0.000404
8.303		0.000406
8.35		0.000407
8.305		0.000409
8.343		0.000408
8.331		0.000405
8.318		0.0004
8.361		0.000397
8.318		0.000396
8.342		0.000398
8.343		0.000399
8.317		0.0004
8.374		0.000401
8.33		0.000401
8.355		0.000401
8.384		0.000401
8.328		0.000401
8.387		0.0004
8.345		0.000399
8.353		0.000398
8.397		0.000399
8.341		0.000401
8.391		0.000406
8.377		0.00041
8.366		0.000411
8.408		0.000409
8.353		0.000405
8.39		0.000397
8.408		0.00039
8.379		0.000386
8.421		0.000383
8.378		0.000382
8.404		0.000382
8.422		0.000384
8.38		0.000386
8.427		0.000387
8.392		0.00039
8.418		0.000394
8.434		0.000397
8.389		0.000395
8.439		0.000391
8.422		0.000383
8.429		0.000375
8.455		0.000366
8.4		0.000363
8.451		0.000365
8.435		0.000371
8.414		0.000377
8.469		0.00038
8.416		0.000382
8.466		0.000387
8.469		0.000396
8.442		0.000405
8.482		0.00041
8.428		0.00041
8.464		0.000406
8.46		0.000398
8.453		0.000388
8.494		0.000378
8.451		0.000373
8.478		0.000373
8.494		0.000373
8.469		0.00037
8.508		0.000365
8.465		0.000362
8.492		0.000363
8.506		0.000363
8.462		0.000365
8.511		0.000364
8.476		0.000365
8.503		0.000369
8.527		0.000378
8.474		0.000383
8.524		0.000387
8.508		0.000388
8.487		0.000388
8.541		0.000388
8.489		0.000387
8.539		0.000385
8.541		0.000383
8.503		0.000384
8.556		0.000386
8.512		0.000387
8.538		0.000385
8.553		0.000379
8.515		0.000372
8.568		0.000367
8.545		0.000363
8.536		0.000361
8.576		0.00036
8.527		0.000358
8.573		0.000353
8.556		0.000354
8.55		0.00036
8.589		0.000369
8.548		0.00038
8.573		0.000387
8.57		0.00039
8.563		0.000385
8.603		0.000371
8.56		0.00036
8.585		0.000352
8.6		0.000347
8.559		0.000346
8.615		0.000346
8.573		0.000343
8.599		0.000341
8.623		0.00034
8.572		0.000344
8.619		0.000347
8.586		0.000349
8.597		0.000349
8.636		0.000348
8.585		0.00035
8.633		0.000352
8.635		0.000352
8.61		0.00035
8.649		0.000348
8.598		0.000346
8.634		0.00035
8.65		0.000358
8.611		0.000369
8.663		0.000382
8.623		0.000394
8.649		0.000401
8.663		0.000402
8.626		0.000398
8.669		0.000392
8.654		0.000386
8.662		0.000376
8.676		0.000367
8.636		0.000364
8.683		0.000367
8.669		0.000372
8.661		0.000377
8.7		0.000377
8.649		0.000374
8.696		0.000369
8.68		0.000366
8.659		0.000366
8.71		0.000366
8.669		0.000365
8.707		0.000363
8.708		0.000358
8.672		0.000351
8.724		0.000345
8.684		0.000344
8.694		0.000348
8.731		0.000354
8.686		0.00036
8.736		0.000362
8.715		0.000358
8.708		0.000354
8.745		0.000355
8.696		0.000358
8.73		0.00036
8.725		0.00036
8.72		0.00036
8.757		0.00036
8.717		0.00036
8.743		0.000359
8.757		0.000358
8.721		0.000356
8.771		0.000355
8.73		0.000353
8.756		0.000347
8.768		0.000342
8.729		0.000341
8.776		0.000346
8.761		0.000353
8.769		0.000361
8.792		0.000367
8.742		0.00037
8.789		0.000368
8.775		0.000364
8.756		0.000358
8.804		0.000354
8.756		0.000349
8.804		0.000344
8.804		0.000339
8.769		0.000339
8.818		0.000342
8.769		0.000345
8.802		0.000347
8.814		0.000345
8.779		0.00034
8.828		0.000334
8.806		0.000323
8.8		0.000314
8.826		0.000307
8.792		0.000303
8.835		0.000301
8.82		0.000301
8.815		0.000302
8.852		0.000305
8.811		0.000307
8.85		0.000306
8.833		0.000306
8.829		0.000307
8.868		0.000313
8.826		0.000318
8.854		0.000319
8.849		0.000319
8.831		0.00032
8.882		0.000321
8.84		0.000318
8.868		0.000315
8.89		0.000317
8.844		0.000321
8.896		0.000326
8.854		0.000329
8.867		0.000332
8.905		0.000332
8.856		0.000328
8.911		0.000322
8.887		0.000318
8.882		0.000323
8.919		0.000333
8.87		0.000344
8.907		0.000352
8.918		0.000355
8.896		0.000358
8.932		0.00036
8.891		0.000363
8.918		0.000366
8.928		0.000363
8.894		0.000355
8.937		0.000339
8.918		0.000325
8.929		0.000312
8.941		0.000303
8.901		0.000298
8.949		0.0003
8.931		0.000305
8.928		0.000309
8.964		0.00031
8.914		0.000309
8.962		0.000312
8.944		0.000316
8.927		0.000322
8.977		0.000329
8.936		0.000335
8.964		0.000341
8.975		0.000345
8.94		0.000347
8.99		0.000347
8.949		0.000346
8.962		0.000342
8.998		0.000336
8.954		0.000331
9.004		0.000325
8.98		0.000321
8.976		0.000321
9.013		0.000325
8.966		0.000332
9.001		0.00034
8.996		0.000343
8.991		0.000341
9.027		0.000335
8.986		0.000324
9.013		0.000316
9.023		0.000314
8.99		0.000317
9.039		0.000325
8.999		0.000334
9.026		0.000341
9.037		0.00034
9.001		0.000332
9.047		0.000325
9.013		0.000322
9.04		0.000321
9.061		0.000322
9.014		0.000322
9.06		0.000322
9.042		0.000321
9.026		0.000325
9.073		0.000335
9.026		0.000348
9.072		0.000361
9.072		0.000372
9.041		0.000379
9.089		0.000382
9.051		0.000382
9.077		0.000377
9.088		0.000369
9.057		0.000361
9.105		0.000355
9.083		0.000353
9.08		0.000354
9.114		0.000354
9.072		0.000352
9.115		0.000347
9.1		0.000343
9.096		0.000338
9.13		0.000332
9.092		0.000325
9.129		0.000324
9.113		0.000325
9.11		0.000326
9.145		0.000329
9.106		0.000331
9.134		0.000334
9.128		0.000336
9.112		0.000336
9.159		0.000333
9.12		0.000329
9.145		0.000324
9.164		0.000316
9.12		0.00031
9.17		0.000305
9.132		0.000302
9.145		0.000303
9.178		0.000307
9.134		0.000312
9.178		0.000315
9.161		0.000317
9.159		0.000318
9.191		0.00032
9.147		0.000324
9.181		0.000331
9.19		0.000335
9.161		0.000335
9.205		0.000332
9.168		0.00033
9.196		0.00033
9.204		0.000332
9.176		0.000338
9.217		0.000344
9.182		0.000348
9.21		0.000349
9.218		0.000348
9.185		0.000345
9.229		0.000339
9.211		0.000329
9.21		0.00032
9.239		0.000312
9.197		0.00031
9.241		0.000311
9.224		0.000313
9.211		0.000316
9.256		0.000316
9.21		0.000315
9.254		0.000313
9.251		0.000313
9.223		0.000313
9.267		0.000316
9.228		0.00032
9.255		0.000324
9.261		0.000324
9.233		0.000317
9.277		0.000306
9.253		0.0003
9.253		0.000304
9.274		0.000311
9.246		0.000315
9.285		0.000311
9.267		0.000299
9.267		0.000282
9.298		0.000271
9.263		0.00027
9.3		0.000274
9.283		0.000284
9.284		0.000297
9.315		0.000311
9.278		0.000317
9.305		0.00032
9.297		0.00032
9.286		0.000317
9.33		0.000308
9.294		0.000299
9.322		0.000295
9.338		0.000299
9.302		0.000305
9.345		0.000311
9.309		0.000315
9.323		0.000317
9.354		0.000315
9.313		0.000309
9.356		0.000303
9.339		0.000298
9.34		0.000298
9.369		0.000301
9.329		0.000307
9.362		0.000319
9.369		0.000337
9.354		0.000362
9.383		0.000383
9.351		0.000386
9.376		0.000381
9.384		0.000381
9.357		0.000385
9.396		0.000386
9.365		0.00038
9.39		0.000367
9.398		0.000346
9.367		0.00032
9.408		0.000304
9.39		0.000297
9.401		0.000299
9.417		0.000309
9.375		0.000317
9.417		0.000318
9.399		0.000314
9.387		0.000299
9.429		0.000281
9.388		0.000264
9.431		0.000257
9.428		0.000262
9.401		0.000274
9.446		0.000286
9.408		0.000295
9.437		0.000298
9.446		0.000297
9.417		0.000295
9.463		0.000294
9.44		0.000292
9.439		0.000288
9.46		0.000284
9.432		0.00028
9.472		0.000282
9.452		0.000289
9.451		0.000295
9.482		0.000299
9.444		0.000303
9.482		0.000306
9.464		0.000309
9.463		0.000309
9.496		0.000306
9.459		0.000303
9.487		0.000302
9.479		0.000305
9.468		0.000304
9.512		0.000305
9.476		0.00031
9.503		0.000317
9.519		0.000328
9.477		0.000331
9.526		0.000323
9.488		0.00031
9.502		0.000293
9.532		0.000282
9.49		0.000276
9.533		0.000272
9.528		0.000279
9.514		0.00029
9.544		0.000297
9.502		0.000295
9.536		0.000291
9.543		0.000287
9.516		0.000282
9.559		0.000277
9.522		0.000264
9.549		0.000248
9.553		0.000233
9.526		0.000221
9.564		0.000211
9.545		0.000203
9.558		0.000201
9.563		0.000205
9.532		0.000223
9.574		0.000242
9.555		0.000257
9.555		0.000266
9.583		0.000273
9.543		0.000276
9.586		0.000278
9.569		0.000282
9.557		0.000286
9.601		0.000286
9.565		0.000281
9.602		0.000275
9.6		0.00027
9.574		0.000264
9.617		0.000256
9.581		0.000251
9.595		0.000248
9.614		0.000251
9.587		0.000254
9.63		0.000256
9.608		0.000258
9.609		0.000257
9.637		0.000256
9.599		0.000257
9.642		0.00026
9.624		0.000262
9.625		0.000262
9.653		0.000262
9.621		0.000264
9.648		0.000265
9.639		0.000266
9.641		0.000265
9.671		0.000263
9.637		0.00026
9.663		0.000258
9.669		0.000258
9.638		0.000262
9.681		0.000266
9.645		0.00027
9.672		0.000271
9.684		0.000268
9.646		0.000263
9.688		0.000257
9.67		0.000256
9.673		0.00027
9.699		0.000298
9.661		0.000331
9.704		0.000359
9.699		0.000375
9.677		0.000372
9.716		0.000361
9.675		0.000347
9.709		0.000321
9.713		0.000294
9.69		0.000266
9.729		0.000245
9.706		0.000239
9.722		0.000248
9.711		0.000257
9.715		0.000262
9.742		0.000266
9.707		0.000268
9.735		0.000271
9.738		0.000275
9.711		0.00028
9.751		0.000282
9.719		0.000281
9.745		0.000278
9.756		0.000272
9.72		0.000268
9.76		0.000266
9.74		0.000266
9.732		0.000263
9.768		0.000259
9.732		0.000256
9.773		0.000252
9.767		0.00025
9.746		0.000251
9.784		0.000255
9.746		0.00026
9.78		0.000265
9.781		0.000266
9.761		0.000265
9.798		0.000264
9.776		0.000263
9.781		0.000264
9.794		0.000267
9.773		0.000272
9.808		0.000276
9.787		0.000274
9.792		0.000267
9.814		0.000258
9.782		0.000249
9.818		0.000244
9.797		0.000244
9.802		0.000245
9.826		0.000246
9.791		0.000245
9.818		0.000241
9.818		0.000236
9.798		0.00023
9.834		0.000225
9.799		0.000223
9.828		0.000224
9.838		0.000227
9.803		0.000226
9.845		0.000222
9.811		0.000217
9.829		0.000214
9.85		0.00022
9.817		0.000235
9.856		0.000257
9.848		0.00027
9.841		0.000268
9.863		0.000266
9.83		0.000265
9.863		0.000264
9.863		0.000258
9.846		0.000251
9.878		0.000249
9.848		0.000251
9.876		0.000249
9.878		0.00024
9.859		0.000231
9.893		0.000224
9.872		0.000219
9.89		0.000213
9.89		0.000206
9.865		0.000198
9.903		0.000191
9.883		0.000186
9.889		0.000183
9.913		0.000183
9.875		0.000189
9.913		0.000196
9.892		0.000202
9.887		0.000203
9.92		0.000203
9.887		0.000203
9.921		0.000203
9.913		0.000197
9.893		0.000189
9.928		0.000182
9.895		0.000175
9.911		0.000172
9.922		0.000175
9.904		0.000181
9.939		0.00019
9.917		0.000198
9.923		0.000199
9.945		0.000198
9.918		0.000196
9.951		0.00019
9.932		0.000183
9.938		0.000176
9.958		0.000172
9.931		0.000171
9.957		0.000169
9.946		0.000166
9.95		0.000163
9.974		0.000159
9.942		0.000154
9.969		0.000149
9.97		0.000145
9.947		0.000145
9.988		0.000149
9.955		0.000153
9.982		0.000156
9.994		0.000161
9.96		0.000164
10		0.000164
9.979		0.000162
9.984		0.000156
10.007		0.000146
9.972		0.00014
10.014		0.000139
10.007		0.000143
9.985		0.000147
10.022		0.000153
9.985		0.00016
10.019		0.000167
10.019		0.000171
9.998		0.000173
10.037		0.000172
10.012		0.000166
10.028		0.000163
10.03		0.000159
10.008		0.000155
10.044		0.00015
10.023		0.000147
10.028		0.000143
10.051		0.000138
10.014		0.000135
10.056		0.000136
10.035		0.000137
10.039		0.000138
10.067		0.000141
10.031		0.000145
10.069		0.000148
10.048		0.000145
10.04		0.000136
10.078		0.000128
10.042		0.000122
10.071		0.000117
10.083		0.000115
10.051		0.000111
10.091		0.000107
10.055		0.000102
10.073		0.000098
10.095		0.000094
10.058		0.000088
10.102		0.000083
10.08		0.000076
10.084		0.000071
10.107		0.000067
10.071		0.000067
10.104		0.000067
10.105		0.000069
10.096		0.000072
10.119		0.000075
10.086		0.000075
10.116		0.000074
10.117		0.000073
10.098		0.000074
10.133		0.000077
10.101		0.00008
10.126		0.00008
10.131		0.000078
10.106		0.000074
10.148		0.00007
10.126		0.000067
10.145		0.000065
10.154		0.000066
10.119		0.000068
10.159		0.000071
10.137		0.000071
10.131		0.00007
10.166		0.000068
10.126		0.000064
10.167		0.000061
10.156		0.000055
10.138		0.000051
10.175		0.000048
10.14		0.000047
10.159		0.000048
10.168		0.000051
10.151		0.000054
10.187		0.000055
10.162		0.000052
10.17		0.000047
10.189		0.000039
10.162		0.000029
10.197		0.000017
10.174		0.000009
10.182		0.000003
10.202		0.000001
10.172		0.000003
10.209		0.000007
10.186		0.000012
10.195		0.000013
10.219		0.000012
10.182		0.000009
10.213		0.000005
10.196		-0.000002
10.191		-0.000012
10.224		-0.000019
10.19		-0.000025
10.221		-0.000028
10.227		-0.000029
10.201		-0.000028
10.235		-0.000029
10.201		-0.000031
10.221		-0.000033
10.238		-0.000035
10.206		-0.000036
10.247		-0.000036
10.223		-0.000036
10.235		-0.000038
10.253		-0.000041
10.221		-0.000045
10.255		-0.000049
10.251		-0.000053
10.238		-0.000056
10.265		-0.000061
10.238		-0.000066
10.271		-0.000071
10.266		-0.000075
10.254		-0.000081
10.286		-0.000087
10.263		-0.000092
10.286		-0.000096
10.28		-0.0001
10.262		-0.000103
10.3		-0.000103
10.276		-0.000101
10.289		-0.000099
10.31		-0.000096
10.275		-0.000096
10.314		-0.000098
10.291		-0.000103
10.293		-0.000114
10.325		-0.000124
10.29		-0.000132
10.322		-0.000137
10.315		-0.000142
10.303		-0.000147
10.334		-0.000149
10.3		-0.00015
10.323		-0.000152
10.335		-0.000154
10.315		-0.000157
10.345		-0.000163
10.321		-0.000172
10.334		-0.000178
10.348		-0.000182
10.319		-0.000185
10.352		-0.000188
10.332		-0.000189
10.346		-0.000191
10.36		-0.000194
10.331		-0.0002
10.364		-0.000204
10.355		-0.000207
10.358		-0.000208
10.375		-0.00021
10.34		-0.000214
10.373		-0.000219
10.363		-0.000224
10.346		-0.000231
10.383		-0.000237
10.347		-0.000242
10.379		-0.000248
10.381		-0.000255
10.353		-0.000259
10.39		-0.000263
10.365		-0.000265
10.37		-0.000267
10.392		-0.000269
10.366		-0.000271
10.403		-0.000272
10.387		-0.000275
10.382		-0.000279
10.409		-0.000286
10.376		-0.000293
10.41		-0.000302
10.398		-0.00031
10.395		-0.000316
10.422		-0.000322
10.397		-0.000327
10.416		-0.000335
10.424		-0.000343
10.41		-0.000349
10.437		-0.000352
10.409		-0.000354
10.429		-0.000356
10.437		-0.000359
10.412		-0.000363
10.452		-0.000367
10.424		-0.000373
10.445		-0.000378
10.459		-0.000381
10.426		-0.000385
10.461		-0.00039
10.448		-0.000394
10.446		-0.000399
10.47		-0.000403
10.438		-0.000405
10.474		-0.000405
10.473		-0.000407
10.451		-0.000411
10.483		-0.000417
10.453		-0.000426
10.481		-0.000438
10.485		-0.000447
10.464		-0.000455
10.499		-0.000461
10.481		-0.000468
10.491		-0.000475
10.495		-0.000481
10.475		-0.000489
10.507		-0.000501
10.492		-0.000509
10.494		-0.000514
10.516		-0.000518
10.484		-0.000524
10.519		-0.000528
10.504		-0.00053
10.507		-0.00053
10.531		-0.000531
10.503		-0.000535
10.527		-0.00054
10.519		-0.000543
10.511		-0.000546
10.545		-0.000546
10.518		-0.000546
10.542		-0.000548
10.552		-0.00055
10.526		-0.000552
10.559		-0.000555
10.532		-0.000558
10.546		-0.000566
10.565		-0.000576
10.536		-0.000587
10.571		-0.000597
10.554		-0.000609
10.559		-0.000615
10.578		-0.00062
10.548		-0.000625
10.577		-0.000633
10.576		-0.000641
10.561		-0.000648
10.588		-0.000655
10.562		-0.00066
10.587		-0.000662
10.586		-0.000661
10.572		-0.000659
10.602		-0.00066
10.574		-0.00066
10.601		-0.000662
10.599		-0.000664
10.581		-0.000666
10.616		-0.00067
10.597		-0.000677
10.615		-0.000685
10.621		-0.000698
10.593		-0.000708
10.629		-0.000719
10.609		-0.000729
10.609		-0.000736
10.638		-0.000738
10.608		-0.000736
10.643		-0.000733
10.634		-0.000731
10.623		-0.00073
10.652		-0.00073
10.622		-0.00073
10.642		-0.000728
10.645		-0.000726
10.635		-0.000724
10.664		-0.000722
10.641		-0.000719
10.655		-0.000717
10.667		-0.000719
10.648		-0.000726
10.676		-0.000738
10.653		-0.000748
10.666		-0.00076
10.677		-0.000773
10.653		-0.000787
10.683		-0.000795
10.666		-0.000802
10.68		-0.000808
10.696		-0.000814
10.667		-0.000818
10.698		-0.000822
10.69		-0.000825
10.677		-0.000827
10.709		-0.000827
10.68		-0.000826
10.711		-0.000823
10.712		-0.000822
10.688		-0.000823
10.72		-0.000825
10.689		-0.000828
10.712		-0.000831
10.718		-0.000831
10.697		-0.00083
10.731		-0.00083
10.716		-0.000831
10.725		-0.000832
10.73		-0.000832
10.711		-0.000834
10.739		-0.000841
10.727		-0.000848
10.726		-0.000853
10.74		-0.000854
10.718		-0.000853
10.75		-0.000853
10.737		-0.000855
10.737		-0.000856
10.76		-0.000859
10.735		-0.000861
10.762		-0.000863
10.748		-0.000867
10.741		-0.000871
10.772		-0.000876
10.746		-0.000882
10.768		-0.000888
10.776		-0.000895
10.752		-0.000901
10.783		-0.000905
10.755		-0.000908
10.768		-0.00091
10.785		-0.00091
10.759		-0.00091
10.792		-0.000911
10.777		-0.000913
10.782		-0.000913
10.798		-0.000911
10.773		-0.000911
10.802		-0.000911
10.802		-0.000912
10.798		-0.000914
10.813		-0.000916
10.79		-0.000915
10.816		-0.000909
10.815		-0.0009
10.803		-0.000886
10.833		-0.00087
10.807		-0.000859
10.834		-0.000852
10.831		-0.000847
10.817		-0.000844
10.849		-0.000842
10.83		-0.000839
10.849		-0.000835
10.854		-0.000831
10.831		-0.000828
10.862		-0.000824
10.844		-0.00082
10.845		-0.000817
10.87		-0.000815
10.849		-0.000813
10.875		-0.000804
10.856		-0.000792
10.87		-0.000787
10.883		-0.000789
10.861		-0.000801
10.89		-0.000823
10.874		-0.000841
10.888		-0.000855
10.898		-0.000865
10.877		-0.000869
10.905		-0.000866
10.897		-0.000853
10.901		-0.000837
10.915		-0.000825
10.888		-0.000823
10.917		-0.000825
10.909		-0.000831
10.899		-0.000837
10.93		-0.000839
10.903		-0.000837
10.932		-0.000834
10.932		-0.000828
10.913		-0.000824
10.943		-0.000821
10.922		-0.000821
10.929		-0.000823
10.944		-0.000825
10.926		-0.000827
10.956		-0.000828
10.943		-0.000831
10.943		-0.000832
10.963		-0.000833
10.939		-0.000833
10.97		-0.000833
10.958		-0.000832
10.959		-0.000832
10.978		-0.000834
10.958		-0.000836
10.978		-0.000839
10.971		-0.000841
10.975		-0.000844
10.996		-0.000845
10.972		-0.000841
10.992		-0.000834
10.994		-0.000826
10.979		-0.000814
11.009		-0.0008
10.987		-0.000793
11.009		-0.000798
11.016		-0.000818
10.993		-0.00084
11.023		-0.000857
11.007		-0.000862
11.014		-0.000861
11.029		-0.000865
11.007		-0.000875
11.038		-0.000882
11.032		-0.000881
11.022		-0.000875
11.048		-0.00087
11.022		-0.000868
11.048		-0.000868
11.045		-0.000871
11.036		-0.000875
11.062		-0.000877
11.043		-0.00088
11.061		-0.000882
11.057		-0.000887
11.051		-0.000892
11.076		-0.000894
11.058		-0.000891
11.07		-0.000886
11.081		-0.000877
11.061		-0.000868
11.091		-0.00086
11.074		-0.000855
11.086		-0.000852
11.1		-0.000849
11.076		-0.000848
11.106		-0.00085
11.087		-0.000851
11.092		-0.00085
11.114		-0.000848
11.09		-0.000847
11.117		-0.000848
11.117		-0.000854
11.106		-0.000861
11.127		-0.000869
11.104		-0.000877
11.125		-0.000882
11.132		-0.000884
11.117		-0.000887
11.143		-0.000889
11.124		-0.000892
11.142		-0.000892
11.148		-0.000889
11.133		-0.000885
11.16		-0.000876
11.151		-0.000869
11.161		-0.000863
11.165		-0.00086
11.148		-0.000861
11.178		-0.000863
11.167		-0.000868
11.169		-0.000875
11.19		-0.000882
11.163		-0.000885
11.192		-0.000884
11.179		-0.000881
11.175		-0.000875
11.203		-0.000871
11.182		-0.000868
11.205		-0.000866
11.204		-0.000868
11.193		-0.000873
11.219		-0.000877
11.197		-0.000881
11.211		-0.000884
11.225		-0.000884
11.203		-0.000882
11.234		-0.000879
11.219		-0.000875
11.226		-0.000875
11.24		-0.000875
11.22		-0.000878
11.245		-0.000884
11.244		-0.00089
11.243		-0.000894
11.256		-0.000897
11.239		-0.000901
11.263		-0.000905
11.26		-0.000907
11.253		-0.000907
11.278		-0.000905
11.255		-0.000903
11.279		-0.0009
11.276		-0.000896
11.265		-0.000892
11.294		-0.00089
11.277		-0.000891
11.294		-0.000893
11.297		-0.000895
11.278		-0.000897
11.307		-0.000901
11.29		-0.000904
11.295		-0.000907
11.317		-0.000906
11.294		-0.000906
11.323		-0.000907
11.316		-0.000909
11.313		-0.000909
11.335		-0.000908
11.314		-0.000908
11.333		-0.000909
11.334		-0.00091
11.333		-0.000911
11.354		-0.000914
11.337		-0.000916
11.353		-0.000916
11.36		-0.000917
11.351		-0.000917
11.372		-0.000919
11.354		-0.000922
11.37		-0.000926
11.375		-0.000929
11.36		-0.000932
11.386		-0.000931
11.369		-0.000929
11.386		-0.000928
11.396		-0.000927
11.376		-0.000928
11.403		-0.000929
11.393		-0.000932
11.389		-0.000935
11.413		-0.000937
11.393		-0.000935
11.421		-0.00093
11.417		-0.000923
11.405		-0.00092
11.43		-0.00092
11.409		-0.000923
11.43		-0.000929
11.43		-0.000933
11.419		-0.000937
11.444		-0.000941
11.431		-0.000943
11.443		-0.000943
11.443		-0.000942
11.434		-0.000942
11.458		-0.000943
11.445		-0.000944
11.451		-0.000945
11.459		-0.000947
11.446		-0.000951
11.472		-0.000955
11.46		-0.000957
11.466		-0.000962
11.481		-0.000968
11.461		-0.000969
11.486		-0.000971
11.471		-0.000977
11.473		-0.000989
11.495		-0.000998
11.475		-0.001007
11.497		-0.001014
11.502		-0.00102
11.489		-0.001023
11.51		-0.001024
11.49		-0.001026
11.506		-0.001028
11.516		-0.001029
11.499		-0.001031
11.524		-0.001035
11.509		-0.001037
11.519		-0.001039
11.528		-0.001041
11.512		-0.001043
11.535		-0.001048
11.529		-0.001057
11.525		-0.001065
11.54		-0.001073
11.524		-0.001077
11.546		-0.001076
11.541		-0.001071
11.537		-0.001065
11.555		-0.001058
11.537		-0.001052
11.554		-0.001049
11.546		-0.001045
11.538		-0.001043
11.562		-0.001045
11.544		-0.00105
11.557		-0.001059
11.567		-0.001069
11.546		-0.001072
11.571		-0.001073
11.554		-0.001074
11.561		-0.001075
11.577		-0.001076
11.556		-0.001077
11.582		-0.001081
11.572		-0.001086
11.571		-0.001088
11.588		-0.001086
11.568		-0.001081
11.587		-0.001071
11.59		-0.001064
11.585		-0.001059
11.601		-0.001056
11.585		-0.001051
11.601		-0.001048
11.602		-0.001047
11.59		-0.001049
11.61		-0.001051
11.592		-0.001053
11.608		-0.001056
11.61		-0.001056
11.597		-0.001052
11.622		-0.001047
11.612		-0.00104
11.616		-0.001033
11.629		-0.001028
11.61		-0.001028
11.634		-0.001032
11.623		-0.001036
11.62		-0.001035
11.643		-0.001033
11.624		-0.001031
11.645		-0.00103
11.641		-0.001028
11.631		-0.001025
11.652		-0.001022
11.634		-0.001016
11.645		-0.001004
11.658		-0.00099
11.644		-0.000978
11.665		-0.000968
11.654		-0.000957
11.66		-0.000951
11.672		-0.000947
11.656		-0.000943
11.677		-0.000941
11.676		-0.000937
11.675		-0.000931
11.685		-0.000926
11.671		-0.000922
11.691		-0.000921
11.689		-0.00092
11.683		-0.00092
11.704		-0.000916
11.686		-0.000913
11.706		-0.000909
11.703		-0.000906
11.693		-0.000903
11.718		-0.000901
11.699		-0.000897
11.721		-0.000893
11.725		-0.000887
11.708		-0.000882
11.734		-0.000881
11.72		-0.000881
11.722		-0.000881
11.738		-0.000882
11.721		-0.000884
11.746		-0.000886
11.738		-0.000888
11.733		-0.000888
11.752		-0.00089
11.732		-0.000893
11.754		-0.000894
11.751		-0.000894
11.747		-0.000894
11.768		-0.000894
11.752		-0.000895
11.763		-0.0009
11.77		-0.000906
11.759		-0.000908
11.778		-0.000907
11.763		-0.000902
11.774		-0.000896
11.781		-0.000888
11.766		-0.000875
11.79		-0.000862
11.775		-0.000851
11.787		-0.000841
11.799		-0.000834
11.78		-0.000829
11.802		-0.000829
11.795		-0.000834
11.794		-0.000849
11.81		-0.000866
11.79		-0.000885
11.812		-0.000903
11.812		-0.000918
11.796		-0.000924
11.819		-0.000928
11.799		-0.000931
11.817		-0.000934
11.82		-0.000936
11.807		-0.000939
11.83		-0.000942
11.821		-0.000946
11.828		-0.000951
11.832		-0.000956
11.821		-0.00096
11.844		-0.000963
11.835		-0.000965
11.836		-0.000967
11.852		-0.000967
11.832		-0.000965
11.856		-0.000963
11.846		-0.00096
11.848		-0.000955
11.865		-0.000954
11.848		-0.000958
11.869		-0.000965
11.86		-0.000971
11.858		-0.000976
11.88		-0.000977
11.864		-0.000975
11.881		-0.000972
11.888		-0.000969
11.873		-0.000968
11.894		-0.000968
11.876		-0.000967
11.887		-0.000962
11.899		-0.000958
11.882		-0.000959
11.906		-0.000962
11.894		-0.000968
11.899		-0.000972
11.911		-0.000973
11.893		-0.000972
11.914		-0.000969
11.913		-0.000965
11.912		-0.000962
11.923		-0.000961
11.911		-0.00096
11.93		-0.000962
11.929		-0.000966
11.922		-0.000968
11.942		-0.000969
11.924		-0.000969
11.943		-0.000967
11.941		-0.000967
11.931		-0.000968
11.955		-0.000966
11.943		-0.000962
11.957		-0.000957
11.959		-0.000953
11.944		-0.000951
11.968		-0.000951
11.953		-0.000954
11.956		-0.000956
11.971		-0.000958
11.957		-0.000957
11.981		-0.000954
11.974		-0.000945
11.969		-0.000938
11.986		-0.000933
11.97		-0.000929
11.988		-0.00093
11.985		-0.000934
11.981		-0.00094
12		-0.000947
11.987		-0.000956
11.998		-0.000963
12.005		-0.000966
11.996		-0.000967
12.016		-0.000963
12.002		-0.000957
12.014		-0.000953
12.021		-0.000952
12.007		-0.000951
12.03		-0.000949
12.017		-0.000947
12.029		-0.000947
12.038		-0.00095
12.022		-0.000953
12.043		-0.000956
12.031		-0.00096
12.036		-0.000962
12.051		-0.000962
12.032		-0.000957
12.052		-0.000951
12.051		-0.000947
12.038		-0.000946
12.059		-0.000949
12.041		-0.000954
12.057		-0.000959
12.062		-0.000961
12.05		-0.00096
12.071		-0.000957
12.064		-0.000955
12.07		-0.000953
12.074		-0.000953
12.063		-0.000954
12.083		-0.000955
12.076		-0.000953
12.077		-0.000951
12.088		-0.000951
12.077		-0.000953
12.099		-0.000956
12.092		-0.000958
12.094		-0.000959
12.11		-0.000957
12.093		-0.000954
12.111		-0.000949
12.103		-0.000945
12.098		-0.000943
12.119		-0.000941
12.105		-0.000937
12.118		-0.000932
12.125		-0.000927
12.11		-0.000926
12.131		-0.000927
12.116		-0.000929
12.124		-0.000929
12.138		-0.000927
12.122		-0.000923
12.145		-0.000919
12.13		-0.000912
12.144		-0.000905
12.147		-0.000896
12.138		-0.000892
12.158		-0.000894
12.15		-0.0009
12.151		-0.000908
12.158		-0.000918
12.147		-0.000928
12.167		-0.000934
12.159		-0.000937
12.163		-0.00094
12.177		-0.000939
12.163		-0.000936
12.182		-0.000929
12.173		-0.000923
12.172		-0.000918
12.193		-0.000916
12.179		-0.000917
12.195		-0.000919
12.201		-0.000926
12.188		-0.000933
12.207		-0.000937
12.192		-0.00094
12.201		-0.000942
12.211		-0.000944
12.195		-0.000944
12.215		-0.00094
12.204		-0.000933
12.207		-0.000929
12.215		-0.000926
12.2		-0.000924
12.217		-0.000921
12.216		-0.000916
12.214		-0.000915
12.225		-0.000916
12.212		-0.000918
12.228		-0.00092
12.228		-0.000921
12.221		-0.00092
12.241		-0.000916
12.225		-0.000913
12.241		-0.000911
12.242		-0.000911
12.233		-0.000914
12.253		-0.000918
12.244		-0.000922
12.251		-0.000923
12.261		-0.000923
12.248		-0.000924
12.268		-0.000922
12.259		-0.000917
12.259		-0.000912
12.276		-0.00091
12.26		-0.000911
12.279		-0.000916
12.274		-0.000922
12.268		-0.000929
12.286		-0.000928
12.271		-0.00092
12.283		-0.00091
12.286		-0.000907
12.281		-0.000897
12.298		-0.000879
12.289		-0.000858
12.297		-0.000846
12.306		-0.000842
12.296		-0.000847
12.314		-0.000871
12.304		-0.000904
12.312		-0.00093
12.321		-0.000943
12.31		-0.000947
12.331		-0.000948
12.32		-0.000945
12.329		-0.00094
12.339		-0.000933
12.324		-0.000928
12.34		-0.000925
12.337		-0.000922
12.333		-0.000917
12.35		-0.000915
12.334		-0.000914
12.352		-0.000917
12.355		-0.000924
12.341		-0.000929
12.362		-0.000931
12.346		-0.000931
12.359		-0.00093
12.365		-0.000929
12.354		-0.00093
12.374		-0.000929
12.368		-0.000924
12.371		-0.00093
12.376		-0.000946
12.365		-0.000965
12.382		-0.000978
12.378		-0.000984
12.376		-0.000993
12.387		-0.001002
12.376		-0.001004
12.393		-0.001004
12.388		-0.001002
12.385		-0.000997
12.401		-0.000982
12.384		-0.000956
12.402		-0.000924
12.395		-0.000894
12.388		-0.000873
12.406		-0.000871
12.393		-0.000876
12.406		-0.000884
12.406		-0.000899
12.395		-0.000911
12.414		-0.000923
12.403		-0.000929
12.408		-0.000932
12.419		-0.000931
12.41		-0.000931
12.43		-0.000933
12.423		-0.000936
12.424		-0.00094
12.438		-0.000942
12.425		-0.000942
12.444		-0.000937
12.439		-0.00093
12.438		-0.000923
12.45		-0.00092
12.439		-0.00092
12.448		-0.000922
12.446		-0.000924
12.445		-0.000927
12.458		-0.000932
12.446		-0.000938
12.457		-0.000943
12.46		-0.000946
12.45		-0.000945
12.468		-0.000941
12.455		-0.000936
12.465		-0.00093
12.474		-0.000926
12.458		-0.000924
12.477		-0.000924
12.464		-0.000927
12.469		-0.000931
12.481		-0.000934
12.467		-0.000937
12.485		-0.000938
12.484		-0.000936
12.481		-0.000932
12.493		-0.000928
12.48		-0.000924
12.496		-0.000919
12.499		-0.000916
12.49		-0.000915
12.508		-0.000915
12.495		-0.000916
12.507		-0.000919
12.509		-0.000923
12.501		-0.000927
12.519		-0.000929
12.511		-0.000931
12.512		-0.000932
12.521		-0.000933
12.511		-0.000932
12.529		-0.00093
12.521		-0.000928
12.523		-0.000925
12.537		-0.000922
12.522		-0.000919
12.541		-0.000917
12.534		-0.000916
12.533		-0.000915
12.551		-0.000914
12.538		-0.000915
12.555		-0.000915
12.555		-0.000915
12.547		-0.000916
12.565		-0.000916
12.553		-0.000916
12.56		-0.000917
12.573		-0.000918
12.562		-0.000919
12.58		-0.00092
12.574		-0.000924
12.576		-0.000929
12.587		-0.000934
12.575		-0.000938
12.59		-0.000941
12.587		-0.000943
12.59		-0.000944
12.601		-0.000943
12.591		-0.000945
12.603		-0.000948
12.605		-0.000948
12.603		-0.000947
12.616		-0.000944
12.604		-0.000942
12.618		-0.000941
12.619		-0.000941
12.611		-0.000941
12.629		-0.00094
12.617		-0.000937
12.629		-0.000934
12.632		-0.00093
12.62		-0.00093
12.638		-0.000929
12.627		-0.00093
12.634		-0.000931
12.644		-0.000932
12.631		-0.000931
12.649		-0.000929
12.647		-0.000926
12.642		-0.000922
12.656		-0.000921
12.643		-0.000918
12.659		-0.000916
12.66		-0.000915
12.654		-0.000917
12.67		-0.000922
12.663		-0.000927
12.671		-0.000928
12.674		-0.000924
12.67		-0.000919
12.688		-0.000907
12.682		-0.000894
12.686		-0.000883
12.693		-0.000879
12.685		-0.000881
12.703		-0.00089
12.697		-0.000902
12.701		-0.000915
12.714		-0.000926
12.704		-0.000933
12.72		-0.000937
12.714		-0.000938
12.714		-0.000941
12.729		-0.000944
12.718		-0.000948
12.73		-0.00095
12.734		-0.00095
12.723		-0.00095
12.739		-0.00095
12.727		-0.000948
12.735		-0.000949
12.743		-0.000953
12.732		-0.000957
12.75		-0.000962
12.742		-0.000964
12.745		-0.000963
12.754		-0.00096
12.743		-0.000956
12.759		-0.000949
12.754		-0.000941
12.758		-0.000934
12.768		-0.000928
12.759		-0.000927
12.772		-0.000929
12.773		-0.000934
12.771		-0.000941
12.783		-0.00095
12.774		-0.000956
12.786		-0.00096
12.788		-0.000958
12.782		-0.000953
12.8		-0.000949
12.789		-0.000944
12.801		-0.000942
12.806		-0.00094
12.796		-0.000938
12.813		-0.000937
12.807		-0.000937
12.806		-0.000936
12.82		-0.000932
12.809		-0.00093
12.826		-0.00093
12.824		-0.000931
12.82		-0.000934
12.834		-0.000936
12.822		-0.000938
12.836		-0.000938
12.836		-0.000938
12.83		-0.000939
12.846		-0.000942
12.839		-0.000945
12.843		-0.000946
12.848		-0.000945
12.844		-0.000941
12.86		-0.000937
12.852		-0.000935
12.857		-0.000934
12.866		-0.000931
12.858		-0.000929
12.874		-0.000929
12.867		-0.000929
12.871		-0.000928
12.882		-0.000926
12.871		-0.000922
12.885		-0.00092
12.88		-0.000919
12.88		-0.000916
12.897		-0.000914
12.883		-0.000911
12.897		-0.000906
12.901		-0.000898
12.89		-0.00089
12.907		-0.000884
12.897		-0.00088
12.905		-0.000877
12.913		-0.000876
12.902		-0.000876
12.919		-0.000876
12.917		-0.000872
12.916		-0.000866
12.926		-0.00086
12.915		-0.000856
12.93		-0.000853
12.93		-0.00085
12.925		-0.00085
12.94		-0.000858
12.927		-0.00087
12.939		-0.000884
12.939		-0.0009
12.933		-0.000911
12.947		-0.00091
12.939		-0.000901
12.946		-0.000889
12.947		-0.000879
12.938		-0.000863
12.954		-0.000848
12.947		-0.000832
12.951		-0.000819
12.962		-0.000812
12.948		-0.000814
12.964		-0.000824
12.957		-0.000836
12.957		-0.000846
12.973		-0.00085
12.961		-0.000852
12.977		-0.000854
12.975		-0.000854
12.971		-0.000852
12.987		-0.000851
12.976		-0.000853
12.984		-0.000859
12.993		-0.000867
12.984		-0.000875
13		-0.000882
12.993		-0.000883
12.997		-0.000879
13.006		-0.000873
12.997		-0.000867
13.014		-0.000861
13.008		-0.000859
13.013		-0.00086
13.021		-0.000865

